1.81102	-1.39548
1.21127	-0.586647
1.20116	-0.272677
1.16881	-0.154741
1.14676	-0.391991
0.999304	-0.293896
0.989053	-0.0884655
1.17901	-0.436817
1.00809	-0.300797
1.10556	-0.403649
0.873171	-0.191404
1.13401	-0.753043
1.53517	-1.44005
2.55037	-1.68442
2.34493	-1.72008
2.02321	-1.34431
2.09271	-1.56167
1.99537	-1.7154
2.13481	-2.1294
2.52082	-2.73525
2.53118	-2.83406
2.22012	-2.40905
1.87899	-1.81796
2.23601	-2.24757
1.92162	-1.74575
2.19643	-2.1216
1.98508	-1.79054
2.05358	-1.89346
2.078	-1.80028
1.82263	-1.51063
1.64373	-1.45246
1.36003	-1.13712
1.4465	-1.23097
1.45347	-1.26046
1.56101	-1.26537
1.43801	-1.15637
1.94397	-1.7763
1.88528	-1.62497
1.80666	-1.51492
1.80415	-1.43655
1.66349	-1.1916
1.66285	-1.26757
1.70147	-1.35438
1.65311	-1.23785
1.34505	-0.800248
1.46372	-0.804914
0.624316	-0.18847
0.144806	0.030558
0.291354	0.229375
0.454433	0.39447
0.66886	0.508234
0.928346	0.478799
1.06582	0.657997
0.860951	0.176815
0.842368	0.111072
0.842935	-0.0538085
1.20928	-1.11215
2.56534	-1.96302
2.88119	-2.68562
3.14956	-3.13671
3.00407	-2.62691
3.37137	-2.85618
2.37645	-1.33464
2.01648	-1.05122
1.61383	-1.43993
0.50149	-0.251409
0.226668	-0.156816
0.721966	-0.266973
1.1364	-0.727361
1.46467	-1.09729
1.13831	-0.674246
1.00858	-0.575817
1.01056	-0.320332
0.711516	-0.269788
0.777028	0.274162
0.603344	-0.0537341
0.737274	-0.197779
0.448448	-0.656034
0.644582	-1.34397
0.61735	-1.31698
0.579719	-1.24571
0.601728	-1.25245
0.647625	-1.28914
0.755879	-1.44243
0.964032	-1.54904
1.01664	-1.48963
1.29998	-1.64952
1.55088	-1.70557
2.08277	-2.29488
1.81627	-1.63839
1.77247	-1.43041
2.16033	-1.76992
2.71358	-2.6225
2.08545	-1.69062
2.14245	-1.90038
1.90429	-1.43767
2.38964	-2.14975
2.51404	-2.37871
2.46257	-2.03873
1.58626	-1.03048
1.01364	-1.10257
0.914931	-0.448869
0.907337	-0.49817
1.08547	-0.610757
1.18299	-0.727396
1.21723	-0.809753
1.02108	-0.460977
1.07919	-0.489713
0.969603	-0.473947
1.43075	-1.03197
2.98381	-2.98186
3.28265	-3.11605
2.32186	-1.94578
3.15719	-3.13245
3.2816	-3.33431
3.1487	-3.09773
2.70821	-2.72351
1.92556	-1.76528
2.46274	-2.63695
2.14066	-2.22857
1.99659	-2.05069
1.68647	-1.77127
1.70273	-1.81423
1.49095	-1.38373
1.49402	-1.19753
1.08618	-0.710317
1.07214	-0.727173
0.996676	-0.620687
0.95722	-0.554296
1.01852	-0.688856
1.18775	-0.924728
1.63268	-1.74561
2.32836	-2.67763
2.04427	-2.30792
1.53993	-1.80907
1.38243	-1.59968
1.3231	-1.56039
1.24664	-1.47268
1.15728	-1.31992
1.18198	-1.35873
1.34922	-1.58283
2.40469	-2.61746
2.4238	-2.64401
1.826	-1.7946
1.90476	-1.99432
1.96787	-2.05245
1.90885	-1.94269
1.65597	-1.48144
1.65044	-1.32888
1.48779	-0.991605
1.45521	-1.00198
1.31826	-0.77434
1.29504	-0.425635
1.27945	-0.616399
1.07366	-0.691602
1.21814	-1.0224
2.04222	-2.0058
3.13539	-3.00317
1.92566	-1.00694
1.81043	-0.835114
2.75977	-1.45122
2.63046	-2.00881
1.95574	-1.43618
1.80971	-1.70189
1.31661	-0.968742
1.31027	-0.835958
0.783494	-0.220734
0.74694	-0.217387
0.892735	-0.487945
1.41783	-0.959438
1.46894	-0.88481
1.37088	-0.976781
1.18537	-0.946792
1.27414	-1.10095
1.07732	-0.631826
1.28285	-1.05786
1.13438	-0.737757
0.928204	-0.384229
0.9846	-0.41977
0.901034	-0.389329
0.802222	-0.0784251
0.92954	-0.106858
0.848917	0.0206904
0.917461	0.0254612
0.840206	0.0312474
1.05201	-0.442407
0.734531	-0.053501
0.879876	-0.17589
0.918872	-0.194673
1.06109	-0.202372
1.06328	-0.2052
0.904049	-0.148116
0.998405	-0.740477
0.797947	-0.686699
0.542741	-0.486667
0.345536	-0.327518
-0.326356	-0.22034
-0.12827	-0.356031
-0.177972	-0.610718
-0.0975334	-0.582531
0.38145	-0.614664
1.13583	-1.30142
1.46001	-1.34574
1.60454	-1.45918
2.05778	-1.91639
2.00334	-1.72369
1.92111	-1.45379
1.92534	-1.42021
2.16207	-1.60446
2.8484	-2.49919
1.43312	-1.15408
0.748147	-0.620595
0.509745	-0.223529
0.59287	-0.434065
0.646719	-0.232331
1.08908	-0.206454
1.07434	-0.242594
0.797055	-0.347614
1.56361	-0.987176
2.17511	-1.45484
1.96504	-1.39597
1.57792	-0.922921
1.222	-0.55697
1.14936	-0.475019
1.40734	-0.860718
1.39608	-1.15697
1.24169	-1.04033
1.22009	-0.986579
1.0026	-0.764522
1.17655	-1.03484
1.22905	-1.02566
1.30232	-1.21773
1.21186	-1.1398
1.30367	-1.05237
1.38065	-1.00499
1.27958	-0.822908
1.05803	-0.57065
0.930783	-0.343601
1.33694	-1.01874
1.37484	-1.20431
1.52054	-1.51591
1.64207	-1.79709
2.12238	-2.6029
2.0334	-2.396
2.36046	-2.81107
2.29896	-2.6291
2.18354	-2.38461
2.00308	-2.09954
2.22761	-2.50825
2.70396	-3.28583
2.72334	-3.23396
1.9203	-2.23835
0.801042	-0.9946
0.71153	-0.808444
0.0880349	0.0226538
-0.078281	-0.197403
-0.184723	-0.169937
-0.0669988	-0.278913
-0.106142	-0.345238
0.215005	-0.483603
0.449285	-0.629726
0.826939	-1.03249
0.96656	-1.01568
1.07257	-0.800477
1.91605	-1.82848
2.08604	-2.02705
2.23498	-2.19203
2.68449	-2.87383
2.77266	-3.21611
2.54013	-2.68224
2.47774	-2.45099
2.62544	-2.3049
2.76611	-2.39642
2.41995	-2.08023
2.06001	-1.84418
1.85924	-1.76048
1.83479	-1.76128
2.67877	-2.82039
2.78274	-2.90362
2.98241	-3.10899
2.5014	-2.18301
2.10368	-1.71625
1.69762	-1.51948
1.46315	-1.38994
1.3607	-1.52024
1.30227	-1.18422
0.348821	-0.522717
0.331347	-0.335419
0.429965	-0.345281
0.218517	-0.33053
0.155967	-0.394426
0.108557	-0.135538
0.773316	-0.496737
1.36483	-1.28694
1.65358	-0.958217
1.59778	-0.811982
2.07627	-1.60072
1.87211	-1.26765
1.66986	-1.04661
1.6624	-1.18959
1.75537	-1.49462
1.66886	-1.42638
1.62274	-1.39488
1.11688	-0.81781
0.692598	-0.356274
0.477962	-0.141281
0.858333	-0.596491
1.29771	-1.3602
1.2466	-1.54586
1.45359	-1.75795
1.4792	-1.58558
1.42236	-1.5355
1.48337	-1.2501
1.30375	-1.1034
1.20957	-1.11926
1.18152	-1.15839
0.957968	-0.957359
1.16366	-1.25623
1.07414	-0.999649
1.05058	-1.12513
1.36619	-1.43914
1.02374	-0.914953
0.953494	-0.703736
0.255646	-0.163912
0.000686491	-0.0606792
0.332036	0.0312377
0.625706	0.129281
0.711723	0.0167437
1.26826	0.569545
0.976886	0.496383
0.815113	0.196828
0.776888	0.145529
0.858955	0.21967
1.15006	0.690246
0.997703	0.417317
0.582498	-0.0973818
0.612745	-0.205312
0.738032	-0.160863
0.564089	-0.091096
0.634083	-0.221173
0.384369	-0.364371
0.655086	-0.124881
0.821786	-0.305119
0.929603	-0.484378
1.09951	-0.630124
1.28509	-0.562795
1.15049	-0.514843
0.997961	-0.306542
0.958448	-0.323536
1.12555	-0.410126
0.996456	-0.143239
0.926657	-0.0776716
0.985644	-0.117533
1.10749	-0.124947
1.00384	-0.254198
0.905262	-0.126675
0.930882	-0.154078
0.924888	-0.0859005
1.15893	-0.376327
1.37497	-0.40335
1.67332	-0.704044
1.3443	-0.956684
1.37605	-1.34586
2.37792	-2.33379
2.03872	-1.89047
1.79128	-1.50286
1.81542	-1.60761
1.67254	-1.40088
1.70731	-1.4318
1.77822	-1.51049
1.79725	-1.53476
1.8107	-1.6243
1.70957	-1.45103
1.7913	-1.54846
1.50949	-1.18099
1.58183	-1.30454
1.508	-1.23226
1.46519	-1.23789
1.42819	-1.21263
1.44689	-1.22439
1.70707	-1.67592
1.64769	-1.79614
1.70084	-1.73553
1.62279	-1.66839
1.66936	-1.53389
1.73657	-1.71503
1.58716	-1.74844
1.1313	-1.21163
0.885389	-0.944114
0.851557	-0.934448
0.735684	-0.783654
0.582042	-0.561976
0.534068	-0.518521
0.717776	-0.594727
0.821672	-0.764409
0.128211	-0.209802
-0.100756	-0.400204
-0.137601	-0.404658
0.0602598	-0.137529
0.44642	-0.147148
1.71555	-1.08841
1.95781	-1.71322
1.50971	-1.2705
1.27248	-1.02585
1.17228	-0.924533
1.24068	-1.05703
1.08428	-0.949912
0.976886	-0.661542
1.24263	-1.08961
1.47535	-1.44465
1.13938	-0.965275
1.03656	-0.628621
1.11174	-0.820471
1.19733	-0.813678
1.46676	-1.09388
1.24357	-0.883677
1.11005	-0.709888
1.31236	-0.916075
1.07649	-0.664352
0.912062	-0.383685
0.477847	-0.698111
2.12325	-1.93617
2.11455	-1.9182
1.64243	-1.21652
1.66847	-1.23105
1.85035	-1.56384
2.04798	-1.85708
1.92481	-1.61591
2.19819	-2.0201
1.95754	-1.54339
2.19475	-1.79465
2.03184	-1.42818
1.95811	-1.31365
1.68425	-1.02923
1.66037	-1.19692
1.59696	-1.18506
1.43968	-0.983105
1.51725	-0.98902
1.31306	-0.895913
1.94726	-1.96238
2.25519	-2.42948
2.33911	-2.41693
1.93202	-1.91075
1.53301	-1.58959
1.49341	-1.82515
1.75648	-2.26874
1.56256	-2.20072
1.49127	-2.17514
1.38083	-2.05649
1.35884	-1.95604
1.51024	-2.1222
1.77424	-2.40626
1.77382	-2.20475
1.47389	-1.70282
1.48696	-1.71288
1.63465	-1.75865
1.52953	-1.41145
1.3213	-0.898057
0.944949	-0.477645
0.639717	-0.20247
0.331981	0.121296
0.521937	-0.0628541
0.593833	0.177444
0.578986	0.252667
0.572526	-0.026811
0.855786	-0.533125
1.16717	-0.942744
1.15834	-1.01269
0.871426	-0.861086
0.787511	-0.868768
0.633349	-0.779252
0.555167	-0.711342
0.758633	-0.93806
1.09253	-1.3769
1.32655	-1.76554
1.21564	-1.38713
0.821437	-1.33827
0.974803	-1.25083
1.35326	-1.49265
1.60098	-1.72466
1.4139	-1.31183
1.4459	-1.16847
1.01588	-0.665666
0.740137	-0.288908
1.04207	-0.569649
0.910746	-0.500461
1.01275	-0.561236
1.05826	-0.36228
1.35105	-0.534038
1.05997	-0.443995
1.08556	-0.377781
1.32048	-0.62484
1.03313	-0.310116
1.07795	-0.288456
1.09032	-0.234006
1.10557	-0.458174
1.16168	-0.391966
0.808105	-0.0165737
1.18024	-0.220926
1.03868	-0.124732
1.05119	-0.391878
0.888151	-0.65194
1.69958	-1.5781
1.75529	-1.69194
2.45571	-2.28533
2.48026	-1.95363
1.92839	-1.61434
2.0061	-1.68043
1.71114	-1.60143
1.47404	-1.36642
1.6717	-1.7062
1.42508	-1.43962
1.69268	-1.87406
1.96531	-2.28773
2.99262	-3.65306
3.42934	-4.12541
2.27593	-2.60783
1.8699	-2.20766
1.78878	-2.14467
1.67506	-1.97476
1.85289	-2.24021
1.83371	-2.13873
1.55597	-1.69937
1.97185	-1.9786
2.29772	-2.71412
3.29585	-4.21951
3.18766	-3.84918
2.58982	-2.66419
3.24905	-3.7311
2.57822	-2.80173
2.2754	-2.35693
1.86772	-1.73558
1.70798	-1.57561
1.49788	-1.22829
1.06997	-0.681753
1.11728	-0.673737
1.09889	-0.659544
0.999172	-0.612344
0.658295	-0.285516
0.413396	-0.0889195
0.618055	-0.456047
0.792844	-0.789499
0.825749	-0.759071
0.780351	-0.787378
0.834645	-0.899111
0.741006	-0.838325
1.00783	-1.01288
1.12989	-0.929655
1.31365	-1.03495
1.52693	-1.24654
1.59101	-1.31171
1.35281	-0.940618
1.75397	-1.46736
1.75608	-1.16105
1.88771	-1.4054
1.51418	-1.25677
1.38352	-1.3016
1.02451	-0.854233
1.38232	-1.29379
1.95362	-2.01494
2.15902	-2.07185
1.72906	-1.34498
1.49458	-1.15029
2.10546	-2.11073
1.85966	-1.68677
0.961811	-1.04606
1.57467	-1.44876
1.58621	-1.31473
1.95892	-1.80335
2.00944	-1.77675
1.66249	-1.52425
1.32033	-0.820038
1.47841	-1.12695
1.85382	-1.68297
1.57524	-1.15833
1.13844	-1.23987
2.09363	-2.46174
1.45078	-1.49046
1.60143	-1.63514
1.65051	-1.61381
1.69627	-1.59848
1.59524	-1.34692
1.75154	-1.55058
1.50571	-1.45905
1.61939	-1.44238
1.40023	-0.620741
1.5534	-0.172904
1.35916	-0.989866
2.5682	-2.77806
2.24924	-2.4626
2.66747	-2.99417
2.64434	-3.20048
1.90878	-2.1069
1.40733	-1.29154
1.36791	-1.29688
1.25494	-1.21062
0.916757	-0.955486
0.750697	-0.875663
0.419027	-0.6791
0.294618	-0.716124
0.155278	-0.820089
0.203435	-0.801353
0.201904	-0.765862
0.254935	-0.691536
0.384272	-0.666597
0.640405	-0.761541
0.954525	-0.926377
0.977337	-0.796646
1.08286	-0.856066
1.21735	-0.939131
1.47796	-1.21857
1.947	-1.81297
1.63134	-1.62434
1.88418	-1.8786
1.91628	-1.81192
1.88371	-1.8237
2.18651	-1.99103
2.32919	-2.29369
2.09828	-2.1364
2.02459	-2.09753
1.49546	-1.45203
1.53944	-1.47044
0.9671	-0.805486
1.03877	-0.780018
1.59051	-0.803124
1.725	-1.00183
2.07931	-2.25276
1.90235	-1.9652
2.21234	-2.35934
1.98048	-2.07476
1.38974	-1.41599
1.17276	-1.28076
0.480427	-0.676599
0.402628	-0.724983
0.0091248	-0.472848
-0.150134	-0.522859
0.00747807	-0.452508
-0.222439	-0.369114
0.254568	-0.454306
0.692228	-1.04704
0.861366	-0.946133
1.28265	-1.28237
1.33128	-1.29768
1.2513	-1.15041
1.43482	-1.39762
1.73966	-1.87419
2.08108	-2.22924
2.03974	-2.18268
1.88683	-2.09281
1.91269	-2.18705
2.15901	-2.63549
1.59639	-1.85905
1.55317	-1.75806
1.86907	-2.11243
1.84098	-1.88987
1.60547	-1.1935
1.11825	-0.819526
1.33557	-1.05965
0.875608	-0.522443
0.912388	-0.450181
1.33178	-0.697019
2.02809	-1.83184
1.78893	-1.54928
1.69438	-1.41422
1.79437	-1.61392
1.85961	-1.79541
1.66118	-1.47364
1.90338	-1.81601
2.53544	-2.62541
2.38124	-2.60097
2.53815	-2.92079
2.02763	-1.96919
1.91259	-1.86646
2.00679	-1.8896
1.62461	-1.45982
1.16489	-0.984272
1.2395	-0.812855
1.73665	-0.592073
1.6752	-1.28278
2.83341	-2.64699
2.38758	-2.12
2.2854	-2.03008
2.21213	-2.00693
2.0954	-1.8809
1.84953	-1.47677
1.74328	-1.34638
1.70272	-1.31964
1.51695	-1.02853
1.19836	-0.736445
0.631568	-0.292147
0.792585	-0.501468
0.857012	-0.65599
0.8317	-0.672784
0.938596	-0.877748
0.98688	-0.850411
1.90904	-2.07846
2.07231	-2.21139
1.86391	-2.04676
1.45171	-1.199
1.42536	-1.44339
1.40886	-1.15729
1.6829	-1.65036
1.91395	-2.25336
1.56339	-1.38653
1.11484	-0.457754
0.960391	0.0248737
1.06832	0.419699
0.708691	0.22726
0.718246	0.345009
0.717355	0.429134
0.682087	0.293166
0.482904	-0.0612773
0.457979	-0.29045
1.08439	-1.22106
1.1684	-1.6106
1.07805	-1.45496
0.938112	-1.22741
0.76795	-0.980991
0.796243	-0.783979
1.0469	-1.03591
0.934116	-0.403725
0.985019	-0.313358
1.06407	-0.192922
1.20267	0.0108503
1.05734	-0.378978
1.28088	-0.927877
0.967055	-1.21171
1.93147	-2.41978
2.05784	-2.25281
2.16297	-1.95848
2.17636	-2.11817
1.72497	-1.5357
1.36453	-1.53632
1.53097	-1.29607
1.85197	-1.62434
1.85892	-1.60615
1.52109	-1.07749
1.60463	-1.2673
1.78576	-1.44261
1.71821	-1.46052
1.38253	-1.17473
1.26238	-0.887351
1.06614	-0.923134
0.809638	-0.685656
0.961754	-0.877585
1.07577	-0.606346
0.932057	-0.294783
0.978192	-0.508394
1.15306	-0.515659
1.09095	-0.444667
0.842596	-0.27671
1.14304	-0.613766
0.985988	-0.518117
0.912109	-0.248992
1.16696	-0.487034
0.996004	-0.283402
0.959327	-0.112399
1.06943	-0.344477
1.16194	-0.331293
0.906645	-0.129714
1.04567	-0.661055
1.74343	-0.857135
1.79311	-1.23705
1.2987	-0.799918
1.27815	-1.10086
1.92636	-2.07562
2.21137	-1.95177
2.10664	-1.3855
1.72005	-1.29965
1.41095	-1.05683
1.15884	-1.38374
1.57872	-0.745245
1.12053	-0.565464
0.693309	0.133258
1.26228	0.915207
1.00237	0.635108
0.833105	0.545401
0.739989	0.633507
0.0206033	-0.241999
1.09584	-1.12009
0.684418	-0.653526
0.699232	-0.668183
0.704648	-0.650798
0.847574	-0.819413
0.863131	-0.853148
0.906601	-0.991963
0.870675	-0.913163
0.770026	-0.701278
0.77014	-0.151802
0.797702	-0.481665
1.60038	-1.4431
1.35608	-1.2417
1.25473	-1.21692
0.891213	-0.839665
0.822776	-0.955826
1.71603	-1.9965
1.6949	-1.97712
0.887267	-1.241
0.61052	-0.962463
0.628235	-1.02449
0.930981	-1.22295
1.17115	-1.24355
1.30806	-1.18692
1.46117	-1.19794
1.42651	-1.02504
1.39453	-0.778655
1.70214	-1.10492
1.69633	-1.12974
1.89763	-1.57027
1.66857	-1.6598
1.26013	-1.09782
0.903494	-0.803077
0.725415	-0.539457
0.825528	-0.256713
1.49332	-1.08465
2.52181	-2.06748
3.02044	-2.62391
2.66357	-2.07397
2.69311	-2.10931
3.07355	-3.22865
2.85321	-3.20054
2.65896	-3.16176
2.19726	-2.42539
2.65354	-3.16422
2.31495	-2.53972
2.4817	-2.76679
2.39735	-2.56342
2.33887	-2.45275
2.16673	-2.14066
1.79809	-1.63966
1.29793	-1.14046
0.814404	-0.653986
0.692985	-0.4334
0.771371	-0.366133
1.01892	-0.495316
1.01901	-0.492982
1.09681	-0.602407
1.17385	-0.736446
1.35241	-0.916977
1.5595	-1.21194
2.12465	-2.04301
2.4166	-2.63724
1.7733	-1.70833
1.94214	-1.75287
1.98674	-1.7162
2.02842	-1.89502
1.87863	-1.70208
2.13596	-2.04636
2.0403	-1.88791
2.35209	-2.18992
1.36767	-0.967874
-0.210714	-0.412365
0.340551	0.000641277
0.471461	0.248271
0.521533	0.253186
0.688871	0.320569
0.730062	-0.00865856
0.842086	-0.237034
0.789091	0.0200101
0.756156	0.101856
1.01613	-0.293206
0.920942	-0.501842
1.06695	-0.655292
2.58257	-2.28954
2.91306	-2.92181
2.88597	-2.94913
3.19383	-3.24312
3.49844	-3.83139
2.37764	-1.97706
1.91295	-1.65276
1.70345	-1.77196
1.41142	-1.18359
1.55248	-0.764198
1.12287	-0.795264
1.30668	-1.03756
1.42211	-1.00369
1.25874	-0.856699
0.755132	0.0782667
0.719173	0.0472223
0.443929	-0.308931
0.65776	-1.00438
1.2346	-1.1904
1.73697	-1.57507
2.13226	-2.07135
3.24177	-3.52951
2.76581	-2.87884
2.02037	-1.7918
1.79042	-1.51629
1.35218	-0.840206
1.18856	-0.641645
1.52743	-1.18485
1.53247	-1.06718
1.26017	-0.701278
1.27042	-0.827167
1.25092	-0.835204
1.11523	-0.728054
1.18864	-0.870721
1.20253	-0.833395
1.46149	-1.17214
1.8873	-1.80175
1.97705	-1.90235
2.35245	-2.57689
1.86838	-1.62693
1.54336	-1.14509
2.04114	-2.25087
2.02022	-2.45153
1.9728	-2.57563
2.12725	-2.88293
1.35706	-1.86891
1.68897	-2.16249
1.19822	-1.47453
0.845823	-0.767691
0.830522	-0.735127
0.984458	-0.814942
1.09947	-0.718992
1.0107	-0.439912
1.02753	-0.53508
1.04301	-0.5704
1.32029	-0.707658
1.18644	-0.50234
1.18329	-0.546773
1.31241	-0.684936
1.48121	-0.702991
1.80768	-0.719411
1.46084	-0.629229
1.25521	-0.669502
1.49331	-1.10199
1.17522	-0.861994
1.14212	-0.703577
1.30537	-0.82271
0.86291	-0.287858
0.900193	-0.22023
1.16116	-0.714111
0.752052	-0.126393
0.793448	-0.308636
0.720986	0.0676281
0.848916	0.0130032
0.949877	-0.110931
1.02094	-0.304587
1.01614	-0.211343
1.06462	-0.240674
1.00838	-0.300862
1.02559	-0.285097
0.877504	-0.164845
0.925801	-0.327235
0.706878	-0.186178
0.97947	0.0816261
1.148	-0.251154
0.836441	-0.199601
0.698046	-0.326706
0.841521	-0.350931
0.844491	-0.18564
1.15118	-0.287708
1.00257	-0.658039
0.949849	-1.39234
0.788532	-1.3245
0.527701	-1.13004
0.79069	-1.34163
1.16317	-1.37725
1.32396	-1.41092
1.19558	-1.4542
1.24308	-1.42675
1.4774	-1.6135
1.48345	-1.68084
1.52542	-1.78253
0.358999	-0.320793
-0.103843	-0.043771
-0.120636	-0.282272
-0.180403	-0.170258
0.409962	-0.470528
0.676314	-0.232166
1.15317	-0.735194
1.44444	-1.1716
1.31512	-1.10388
1.38121	-1.21414
1.63744	-1.49113
2.02243	-2.07121
2.25168	-2.31049
2.48155	-2.59379
2.41495	-2.73659
2.16251	-2.5799
1.53706	-1.8755
1.1836	-1.53111
1.01169	-1.5865
0.661308	-1.4352
0.441083	-1.2667
0.0916443	-1.02607
-0.13562	-0.880313
-0.0509685	-0.883747
0.502078	-0.819083
0.7972	-0.89343
1.14325	-1.3349
1.20395	-1.36105
1.12564	-1.16111
0.870614	-0.856493
0.671458	-0.697138
0.320291	0.0670522
-0.0696274	0.0181378
0.0393132	-0.19152
0.709978	-0.670136
1.05856	-0.988003
0.938704	-0.665037
1.07827	-0.669464
1.10711	-0.672559
1.11863	-0.669681
1.1403	-0.730918
1.05196	-0.710011
0.842807	-0.48514
0.712462	-0.408784
1.25515	-1.34263
1.63845	-1.89976
1.53344	-1.749
1.61477	-1.8181
1.52399	-1.73596
1.47032	-1.70426
1.48348	-1.704
1.64503	-1.85817
0.320772	-0.485862
0.194301	-0.305285
0.173572	0.144941
0.0607196	-0.108846
0.154382	-0.195142
0.279925	-0.414739
0.400374	-0.248186
0.232593	-0.367043
0.932958	-0.634919
2.09727	-1.76123
1.93029	-1.60805
1.95737	-1.59941
1.88257	-1.49547
1.73206	-1.37553
1.81788	-1.57129
1.72203	-1.52849
1.66101	-1.54224
1.94174	-1.78953
2.19758	-1.80703
2.55474	-2.56252
2.42228	-2.3104
2.15674	-1.99179
2.2783	-2.3009
1.90497	-1.7766
1.89213	-1.80771
1.6176	-1.52457
1.32298	-1.26276
0.954948	-0.857468
1.28414	-1.08628
1.81931	-1.61574
1.48941	-1.39143
0.599581	-0.447097
0.536733	-0.332859
0.414726	-0.1124
0.208832	0.0181631
0.275999	-0.385911
0.459041	-0.439607
0.871559	-0.806641
1.25762	-1.3408
1.2726	-1.18738
1.92627	-1.76049
1.87572	-1.54056
1.73421	-1.24438
1.38855	-0.817967
1.1683	-0.588317
1.28382	-0.762716
1.52641	-1.10486
1.43737	-0.981045
1.47325	-1.57672
2.03437	-2.43806
1.78944	-2.13383
1.82263	-2.10649
1.50622	-1.73845
1.31553	-1.5395
1.25117	-1.53354
2.01289	-2.41346
1.81874	-2.1056
1.6618	-1.79849
2.10635	-2.15606
1.32215	-0.682367
0.835064	0.279252
0.459304	0.62131
0.693187	0.309594
0.66415	0.404809
0.837582	0.32132
0.893064	0.070687
0.973603	0.239262
1.31294	-0.292923
1.21412	-0.408624
1.19209	-0.486137
1.48045	-0.932766
1.45998	-0.957315
1.38554	-1.04493
1.08538	-0.921811
0.745332	-0.572881
0.662929	-0.271934
0.358474	-0.119064
0.716338	-0.244164
1.41501	-1.15522
0.865705	-0.738473
0.801329	-0.625353
1.02048	-0.886574
0.860931	-0.519453
0.975917	-0.260221
1.12323	-0.440092
1.20517	-0.997375
1.61839	-1.10954
1.06844	-0.58726
0.999841	-0.716694
0.799131	-0.521608
1.02036	-0.718341
0.858535	-0.562158
0.985652	-0.351395
1.39766	-0.326496
1.44704	-0.612929
1.11788	-0.301236
1.24634	-0.571659
1.25072	-0.658839
1.31946	-0.776495
1.36593	-0.800755
1.43943	-0.945419
1.57422	-1.29328
1.68105	-1.55986
1.90553	-1.78124
1.25964	-1.22276
0.565029	-0.84276
0.808567	-0.455758
1.88221	-1.10933
1.3421	-0.776096
0.211421	-0.172836
0.0234335	-0.0279267
-0.0935689	0.193769
0.115988	-0.033908
-0.184566	-0.148946
0.0652404	-0.377793
0.0402572	-0.0442912
0.183814	-0.0434467
0.0593402	-0.21644
0.197451	-0.0582048
0.111589	-0.0723794
-0.073362	-0.287902
0.0955069	-0.171955
0.435452	-0.5605
0.396931	-0.395038
0.619545	-0.406468
1.0339	-0.716356
1.42026	-0.844489
1.76482	-1.41797
1.60914	-1.50846
1.57332	-1.86927
1.49156	-1.63896
1.57027	-1.88698
1.79996	-2.12434
1.55601	-1.78159
1.81122	-1.99726
1.8502	-1.97447
1.90962	-1.90837
2.31921	-2.36779
1.77021	-1.60274
2.73133	-2.82547
3.20405	-3.79906
2.29377	-2.65027
1.82811	-2.07186
1.71726	-1.95415
1.01381	-1.00038
0.66108	-0.428642
0.776121	-0.367355
0.818587	-0.357851
0.836229	-0.417284
0.838958	-0.442847
0.933653	-0.48492
0.938785	-0.508019
0.977407	-0.510259
1.13482	-0.671574
1.31711	-0.871274
1.13883	-0.592885
1.64839	-0.980545
1.37287	-1.1188
1.43495	-1.29953
1.73568	-1.70015
1.47229	-1.33923
1.46546	-1.46717
1.27251	-1.37884
1.27396	-0.768948
1.39629	-0.875827
1.48893	-1.09437
1.46196	-1.06845
1.69112	-1.49215
1.73416	-1.62414
2.31507	-2.59414
2.28705	-2.38545
2.81321	-2.84394
2.37956	-2.23147
2.38977	-2.2773
2.06895	-1.77743
2.42146	-2.4141
2.61001	-2.79186
2.54353	-2.65896
2.3457	-2.29978
2.15912	-1.81459
1.72201	-1.32701
1.63669	-1.35734
1.53585	-1.42426
1.6075	-1.23043
1.34628	-0.858825
1.64286	-1.27907
1.42902	-0.965897
1.89884	-1.29079
1.18098	-0.768747
1.02403	-0.605659
1.76946	-1.63957
1.55574	-1.24773
1.45989	-1.16832
1.3782	-1.19665
1.33815	-1.28173
1.07838	-1.1007
0.9414	-1.00685
0.815895	-1.02644
0.692138	-0.987999
0.798619	-1.01107
1.34471	-1.54538
1.63477	-1.85899
1.55468	-1.58114
1.35458	-1.40469
1.13117	-1.19102
1.28934	-1.18917
1.20065	-1.18056
1.41213	-1.39157
1.38879	-1.16798
1.24532	-1.00358
1.00244	-0.888199
1.07756	-0.662155
0.747815	-0.194662
0.840318	-0.297812
2.09888	-2.01987
2.12443	-1.88992
1.3614	-0.861766
0.900035	-0.441596
1.00993	-0.794776
0.93561	-0.770971
1.22969	-1.02406
0.989451	-0.686876
1.22298	-0.669112
1.30142	-1.34745
1.33877	-1.29991
1.42672	-1.45895
1.39878	-1.43398
1.79474	-1.94191
1.62209	-1.60318
1.52811	-1.49719
1.18102	-1.07159
1.20968	-1.19696
1.04391	-0.910338
1.07857	-0.892164
1.30969	-1.28044
0.454232	-0.426452
-0.069196	-0.161093
-0.0922703	-0.267123
0.851375	-0.256884
1.00757	-0.251144
1.14245	-0.60418
0.976162	-0.228465
1.23399	-0.571047
1.28488	-0.610586
0.968709	-0.320081
0.842301	-0.317036
0.987018	-0.976121
0.523308	-0.88605
0.455427	-0.87376
0.424713	-1.04489
0.374546	-0.983334
0.175637	-0.762661
0.351638	-0.832978
0.447328	-0.741339
0.557634	-0.796024
0.791348	-1.01277
0.787643	-1.01018
0.781386	-1.04908
0.670137	-0.92535
0.442342	-0.826216
0.103242	-0.658066
-0.0311868	-0.567158
-0.116546	-0.491855
-0.081063	-0.25995
0.0879889	-0.209456
0.0530618	-0.308626
-0.0270321	-0.616582
0.257118	-0.659804
0.377847	-0.803393
0.529521	-0.891207
0.661992	-1.00838
0.754933	-1.05445
0.820861	-1.03078
0.81166	-0.992677
0.737642	-0.848977
0.83549	-0.925026
1.65637	-1.97691
1.67303	-2.04291
1.86307	-2.18189
2.07236	-2.35146
2.15015	-2.52293
2.16524	-2.40441
2.17107	-2.39499
1.56177	-1.55036
1.17399	-1.23461
1.79631	-1.251
2.04953	-1.61969
2.15714	-1.60829
1.93838	-1.25335
1.96389	-1.28701
1.87607	-1.16094
1.34056	-0.576031
1.02476	-0.575843
0.919943	-0.739121
0.955768	-0.869636
1.33111	-1.38813
1.98792	-2.19212
2.04896	-2.24726
0.797406	-0.878881
0.667186	-0.332063
0.819093	-0.220066
0.777083	-0.120319
0.848575	0.10297
1.06357	0.316683
1.13093	0.126983
1.17496	-0.409605
1.36414	-0.356831
1.11946	-1.01311
1.53564	-1.9414
0.99282	-1.36622
0.741021	-1.10721
0.732	-1.19507
0.735603	-0.903918
0.383791	-0.292519
0.696907	-0.369661
0.92005	-0.406974
0.999755	-0.415246
0.96345	-0.30137
0.985993	-0.358344
0.912637	-0.190061
0.760981	-0.100212
0.557973	0.107987
0.51434	0.181467
0.658978	0.11766
0.811873	-0.0286117
1.09932	-0.484335
1.15366	-0.710237
1.60465	-1.31746
1.59104	-1.47429
1.66682	-1.65236
1.44329	-1.34313
1.24275	-1.08875
0.952714	-0.673101
0.641036	-0.543427
0.767739	-0.449902
1.90765	-1.74409
2.01723	-1.99979
1.59474	-1.44141
1.33395	-1.06619
1.26866	-1.02793
1.22802	-1.08396
1.17055	-0.89326
1.36507	-0.922642
1.57472	-1.23362
1.98926	-1.91132
1.83067	-1.84764
1.43157	-1.31695
1.01624	-0.918439
0.77569	-0.6475
0.685299	-0.540448
0.74456	-0.634515
0.906038	-0.838867
0.638493	-0.580295
-0.00650593	-0.170535
0.1794	0.0556006
0.355417	0.186543
0.300789	0.255256
0.375425	0.283218
0.722002	-0.298421
0.508677	-0.228717
0.78201	-0.324039
0.72448	-0.0661401
0.713648	-0.28758
0.861403	-0.152858
0.795831	-0.45737
0.534058	-0.511517
1.48882	-1.17042
1.01228	-0.627892
0.987055	-0.567219
0.969798	-0.516453
0.58777	-0.406639
0.653575	-0.540393
0.685651	-0.341664
0.611566	-0.37969
0.661242	-0.358308
0.485079	-0.950181
0.2816	-0.676273
0.697557	0.203772
0.636065	0.0951608
0.520508	0.0440825
0.154704	0.162579
0.189589	0.369933
0.179987	0.206233
0.251493	0.460002
0.409084	0.425335
0.341829	0.0536358
0.274685	-0.186561
1.06339	-0.723634
1.46794	-1.13639
1.71736	-1.35656
1.96883	-1.63457
2.39924	-2.10929
2.07481	-1.4533
1.78407	-1.39459
1.91248	-1.25123
1.56194	-0.977869
1.01686	-0.548255
1.00598	-0.556598
0.865312	-0.338071
0.814747	-0.152069
0.733192	-0.242026
0.684083	-0.227978
0.545705	-0.195968
0.460549	-0.161302
0.546093	-0.204464
0.984809	-0.543025
1.01377	-0.645117
0.763868	-0.351508
0.777688	-0.307744
0.666343	-0.104463
0.999311	-0.467236
1.05113	-0.52848
1.05041	-0.621619
1.01613	-0.774274
1.04049	-0.845499
0.699225	-0.676893
0.59512	-0.751308
0.614267	-1.13919
0.924962	-1.28874
0.935053	-1.50203
0.88604	-1.42497
1.15735	-1.73165
0.918312	-1.49611
0.998585	-1.60335
1.10582	-1.62733
1.08871	-1.43958
1.42085	-1.52465
1.25133	-1.33058
1.04688	-0.195096
0.783577	-0.124326
1.03821	-0.344999
1.00149	0.0512096
1.07701	-0.135035
1.14153	-0.35058
1.25078	-0.484859
1.061	-0.287413
1.0787	-0.158585
1.17679	-0.283123
1.31129	-0.475168
1.1981	-0.486813
1.10036	-0.183842
0.951472	0.0901619
0.950886	-0.325674
1.02405	-0.171566
0.998885	0.0587903
0.643755	0.248314
0.854002	0.174779
0.59176	0.363842
0.7856	-0.135555
1.09832	-0.243657
1.06738	-0.260466
0.935959	0.0815838
1.09093	-0.390739
0.954241	-0.343626
1.11935	-0.853113
1.16339	-0.347537
1.37444	-0.395844
1.27891	-0.475428
1.42764	-0.622496
0.972566	-0.674544
1.643	-1.11011
2.17261	-1.63194
2.27656	-1.79831
2.04634	-1.57534
2.00002	-1.64809
1.45598	-0.975184
0.729433	-0.38829
0.125328	-0.0366683
0.140536	0.18101
0.267334	0.340967
0.269927	0.298089
0.269677	-0.023352
0.380701	-0.187386
0.302496	-0.078244
0.894993	-0.55042
0.884327	-0.292917
0.535699	-0.0320027
0.745887	-0.107865
0.801233	-0.161341
1.31596	-0.84919
1.5155	-1.14012
1.38279	-0.999309
1.33255	-0.934355
1.0439	-0.650133
0.924421	-0.530351
0.761055	-0.409285
0.594145	-0.468875
0.304461	-0.442793
0.227027	-0.607477
0.566845	-0.737469
1.19551	-1.29253
1.25514	-1.43574
0.897766	-1.00347
1.24075	-1.42643
1.27249	-1.46707
1.44042	-1.60515
1.3831	-1.62862
1.07806	-0.934706
0.969276	-0.665837
1.08406	-0.727514
1.14601	-0.724502
1.06244	-0.603562
1.20922	-0.820915
1.17184	-0.851148
0.998406	-0.787133
0.988989	-0.718795
0.857079	-0.625264
0.947058	-0.519232
1.16715	-0.699477
0.894602	-0.336778
1.12069	-0.60508
1.27882	-0.873873
1.70146	-1.87774
1.14132	-1.31537
0.758647	-1.16406
0.496858	-1.02048
0.511727	-1.07307
0.854586	-1.46913
0.636867	-0.728968
0.918234	-0.939202
0.774946	-0.753394
0.91606	-0.704866
1.14442	-0.78952
1.27431	-0.847218
1.42208	-0.901318
1.38184	-0.812644
1.34817	-0.820252
1.1076	-0.565041
1.0438	-0.554918
0.900843	-0.512193
0.944867	-0.785971
1.00731	-1.11235
0.860116	-1.00204
0.974378	-0.988379
1.38011	-1.72357
0.877388	-0.94269
1.17929	-1.37468
1.03764	-1.18698
0.72115	-0.938085
0.513329	-0.792668
0.517758	-0.808717
0.742205	-0.933823
0.793401	-0.747016
1.12211	-1.02521
1.39662	-1.34242
1.38709	-1.26361
1.49524	-1.37561
1.42172	-1.19671
1.46584	-1.11899
0.936405	-0.95818
0.0949754	-0.27193
0.255861	-0.0616259
0.444946	0.188863
0.550173	0.54613
0.488523	0.265295
0.481031	0.390612
0.436505	0.451059
0.551292	-0.0155921
0.668168	0.0140597
0.59433	0.000485298
0.721055	-0.364575
0.558922	-0.220222
0.479174	0.0598905
0.622511	-0.297305
1.20989	-1.08239
0.912842	-0.848328
0.804776	-0.788819
0.373524	-0.421554
0.336634	-0.264946
0.345585	-0.29215
1.24919	-1.20768
0.645442	-0.421837
0.725502	-0.435637
0.79186	-0.601566
0.390218	-0.0514676
0.481153	-0.0863107
0.697602	-0.402107
0.900829	-0.514914
1.08763	-0.762614
0.912492	-0.582628
0.975826	-0.945113
1.48443	-1.53221
1.7372	-1.71809
2.04035	-1.99314
2.65217	-2.76628
2.39707	-2.34561
1.78276	-1.66651
1.55982	-1.63519
1.54431	-1.44153
1.66593	-1.58714
1.79924	-1.63201
2.05825	-2.25223
1.75167	-1.92682
1.42794	-1.58687
1.18739	-1.27181
0.976526	-1.06162
0.856092	-1.00082
0.901081	-1.10698
1.21563	-1.2256
1.2388	-1.30913
1.32677	-1.264
1.51206	-1.46414
1.32013	-1.05493
1.52164	-1.26329
1.56528	-1.23825
1.56558	-1.20594
1.56179	-1.16637
1.38696	-0.822345
1.25019	-0.79687
1.00941	-0.346805
1.12388	-0.628274
1.22435	-0.490592
1.62668	-0.788348
1.77619	-1.22076
2.36576	-1.88277
2.09915	-1.60788
1.54258	-1.03064
1.30243	-0.893676
1.17107	-0.757351
1.20526	-0.855529
1.0198	-0.693398
1.02184	-0.814424
1.33128	-1.25482
1.86823	-2.00884
2.16243	-2.42639
1.95056	-2.05303
1.18437	-0.967762
0.875275	-0.501653
0.886356	-0.459317
0.837999	-0.533973
0.768006	-0.65638
0.701937	-0.538786
0.99639	-0.476776
0.948007	-0.485619
1.28498	-0.756368
1.25418	-0.910577
1.02627	-0.532191
1.03886	-0.400699
1.0757	-0.326111
1.00702	-0.362445
1.19639	-0.696468
1.11566	-0.408912
1.08177	-0.207251
0.597433	-0.157337
0.893405	-0.10096
0.972716	-0.160801
1.05496	-0.13489
1.01649	-0.246929
0.982469	-0.186728
0.974221	-0.109513
0.966402	-0.254735
0.590228	0.0816309
0.701239	-0.228987
1.53624	-1.1093
1.51394	-1.12211
1.49288	-1.12164
1.20912	-0.801627
1.08794	-0.710135
1.12746	-0.811211
1.01246	-0.743766
1.14056	-1.18603
1.65944	-1.68676
1.50138	-1.59225
1.02156	-0.902007
1.0065	-0.743527
1.18413	-0.907836
1.2627	-0.987643
1.32869	-1.06733
1.28838	-1.05017
1.42509	-1.237
1.41381	-1.28993
1.46607	-1.39489
1.4766	-1.40148
1.39576	-1.41855
1.14941	-1.22005
0.822779	-1.05506
0.58678	-0.923401
0.47463	-1.0784
0.353657	-0.99021
0.330466	-1.03062
0.300739	-0.925321
0.344041	-0.881085
0.451194	-0.809594
0.66215	-0.86422
0.711022	-0.608789
1.06077	-0.825936
1.33407	-1.01474
1.63924	-1.35676
1.96494	-1.84958
2.22816	-2.18728
2.4033	-2.08651
2.22598	-1.44307
1.75815	-0.557544
1.14206	-0.740648
1.23568	-1.00938
1.13072	-0.671776
1.31508	-0.836509
1.35313	-0.944007
0.943627	-0.0860492
1.22728	-0.249396
1.11006	-0.277727
0.993111	-0.0811303
1.09143	-0.505958
0.92702	-0.40539
1.10848	-0.441896
1.43743	-0.319471
0.876945	0.130026
1.21265	-0.30487
2.01263	-1.49714
1.47707	-0.819242
1.78968	-1.21456
2.24436	-2.03386
2.46899	-2.54963
2.07658	-2.13224
1.98224	-2.0599
1.99362	-2.25093
2.0985	-2.31988
1.45849	-1.47431
0.909064	-0.965489
0.960731	0.179992
0.888642	0.446483
0.585966	0.299672
0.705946	0.400142
0.64812	0.47347
0.628966	0.531024
0.60085	0.242341
0.865417	0.545372
0.660799	0.395848
0.391633	-0.482882
0.667419	-1.03847
0.691739	-1.1235
0.568015	-1.02722
0.556572	-1.0256
0.576729	-1.11053
0.67575	-1.22804
0.658215	-1.3609
0.602295	-1.27332
0.494312	-1.05631
0.554056	-1.22798
0.599856	-1.26116
0.616045	-1.13259
0.897373	-1.12551
0.911554	-0.827069
1.03982	-0.797651
1.18015	-1.07797
1.19514	-1.08133
0.937301	-0.984342
1.06135	-1.02713
0.908616	-0.948859
0.656619	-0.534208
0.890789	-0.567578
1.53614	-1.11208
0.514065	-0.0708823
0.537539	-0.45596
0.927249	-0.881532
1.3837	-1.36879
0.691448	-0.832076
0.734564	-0.362074
1.11573	0.212226
0.976034	0.26573
0.913466	0.440786
0.859215	0.536206
0.522018	0.494265
0.632865	0.43214
0.633412	0.587819
0.436874	0.539823
0.678331	0.0741
0.523863	-0.890289
0.560142	-0.968557
0.635085	-1.02992
0.848407	-1.25629
0.84443	-1.17201
0.92232	-1.03869
1.23418	-1.06487
0.830679	-0.894556
0.875693	-0.993802
0.911323	-0.841493
0.930073	-0.69278
0.947291	-0.613107
0.967568	-0.580878
1.29249	-0.946825
1.65875	-1.20273
1.85808	-1.91883
1.81136	-1.81037
1.63108	-1.82098
1.51911	-1.6856
1.639	-1.82108
1.58683	-2.00987
1.47897	-1.56386
1.30872	-0.992144
1.43865	-0.899918
1.74318	-1.27511
1.69639	-1.44128
1.42159	-0.92546
1.739	-1.36011
1.53757	-1.03916
1.35126	-1.14129
1.56389	-1.36739
0.879706	-0.120777
0.887881	-0.0235224
1.02999	-0.167401
0.950681	-0.135013
0.843771	0.0564543
1.03057	-0.078937
0.955731	0.137462
0.748929	-0.0467178
0.938278	-0.302552
1.34289	-0.616433
1.37123	-0.472159
1.25273	-0.391453
1.09754	-0.564399
1.49717	-1.14614
1.28793	-0.935436
1.70974	-1.68346
2.03128	-2.34578
1.79975	-2.03858
1.55214	-1.72966
1.84792	-2.03398
1.89937	-2.12149
1.73724	-1.91196
1.82301	-1.79439
1.50686	-1.4677
1.44686	-1.39211
1.00336	-0.868593
0.833053	-0.667343
0.820383	-0.508649
0.638455	-0.218362
0.801619	-0.468615
0.788669	-0.420896
1.573	-1.10817
1.4606	-1.02228
1.50489	-0.993048
1.63383	-1.11373
1.38443	-0.777613
1.21385	-0.605365
1.31853	-0.734654
1.30514	-0.763761
1.49924	-1.11561
1.61438	-1.5148
0.949902	-0.719691
0.984737	-0.892572
1.93889	-1.97994
1.78027	-1.83024
1.92279	-1.88358
2.12118	-1.93883
1.47793	-1.24134
1.79517	-1.65801
1.83584	-1.83937
1.97429	-2.03705
2.16199	-2.16778
1.99505	-2.00457
2.06242	-2.04558
2.10177	-2.20887
2.01579	-2.1858
1.98569	-1.95724
2.09555	-2.03845
2.04973	-1.93062
1.64561	-1.21219
1.56228	-1.27857
1.45849	-1.1748
1.46198	-1.13783
1.30541	-1.02373
1.25919	-1.11303
1.28013	-1.25167
1.33819	-1.40306
1.56574	-1.67857
0.813029	-0.991115
0.441931	-0.746208
0.390835	-0.870893
0.259522	-0.934956
0.276874	-0.859326
0.309909	-1.04769
0.308464	-1.01238
0.43981	-1.25644
0.482938	-1.15071
0.579001	-1.12032
0.622521	-1.01096
0.831359	-1.02015
1.07935	-1.06279
1.28694	-0.957554
1.63415	-1.07674
1.43531	-0.786659
1.43459	-0.99797
1.26596	-1.20623
1.51719	-1.65922
1.57582	-1.74614
1.8715	-2.05847
2.40829	-2.57212
1.7526	-1.68086
1.09294	-0.958104
0.659391	-0.492715
0.73495	-0.259782
0.888504	-0.291307
1.01947	-0.349784
0.787625	-0.0472005
0.825565	-0.0703635
0.948386	-0.655669
0.996522	-0.626951
0.909838	-0.599446
1.60732	-1.19862
1.13484	-0.926241
1.41523	-1.36398
1.64704	-1.59888
2.31467	-2.26398
2.03189	-1.97757
1.83841	-1.82618
2.01734	-2.15931
1.92586	-2.26773
1.81852	-2.08452
1.57414	-1.72651
1.72019	-1.70231
1.29763	-1.23456
0.875464	-0.281468
-0.00343224	-0.462837
0.158845	-0.295259
-0.134933	0.0853853
0.398216	-0.0696868
0.602125	-0.284567
0.88158	-0.552933
0.767159	-0.467098
0.789789	-0.554773
0.755945	-0.502195
0.676607	-0.38561
0.645699	-0.340586
0.749104	-0.708536
1.51626	-1.71845
1.67892	-1.85856
2.35787	-2.64698
2.62196	-2.63699
2.50315	-2.40574
1.90051	-1.88576
1.70624	-1.60031
1.44986	-1.21084
1.33969	-1.06601
1.16474	-0.796054
1.48052	-1.19876
1.25875	-0.715337
1.00289	-0.339577
0.891068	-0.130859
0.998067	-0.315355
1.0687	-0.448972
0.860468	-0.187419
1.20779	-0.612369
1.35189	-0.622193
1.34017	-0.679786
1.21209	-0.455663
1.23039	-0.284897
1.90059	-1.47159
2.0384	-2.21117
1.00461	-0.832756
1.0426	-0.943709
1.49891	-1.58164
2.44374	-2.78252
1.6572	-1.53728
1.33134	-0.807195
1.26028	-1.00043
1.12953	-0.854096
1.00911	-0.419243
1.04763	-0.554082
1.13521	-0.388297
0.817962	0.117615
0.764224	0.0566014
1.0179	-0.29669
1.11942	-0.260251
1.18929	-0.516247
0.871186	-0.0636021
1.05568	-0.362482
0.966505	-0.329352
0.75167	-0.616777
0.0480603	-0.66263
0.190116	-0.967632
0.224456	-1.29935
0.352915	-1.28189
0.337709	-1.17919
0.413504	-1.14761
0.491915	-1.01943
0.505045	-0.829673
0.630753	-0.778182
0.745783	-0.804491
0.743885	-0.745475
0.743783	-0.768694
0.549703	-0.733562
0.582244	-1.00738
0.500621	-0.890203
-0.0818921	-0.693279
-0.157567	-0.693432
-0.162245	-0.667104
-0.215653	-0.530496
-0.109247	-0.494364
-0.0535432	-0.454327
-0.0769875	-0.3514
0.466902	-0.967133
0.377326	-0.77146
0.535641	-0.829764
0.580411	-0.81791
0.714437	-0.971263
0.870988	-1.16412
0.776679	-1.0441
0.764391	-1.04405
0.761268	-0.898599
1.83511	-2.17366
2.10155	-2.67549
2.34977	-2.99865
2.26191	-2.86368
2.02353	-2.42188
2.30663	-2.59825
2.24426	-2.46585
1.81554	-1.84408
1.7621	-1.73012
0.565438	-0.660695
0.930356	-1.00021
1.90899	-1.32165
1.7445	-0.925048
1.28877	-0.59371
2.52013	-2.025
2.14419	-1.3648
2.15126	-1.29248
1.88712	-0.791928
2.14376	-0.954794
1.76335	-0.53092
1.5818	-0.292302
1.43136	-0.0047101
1.49991	-0.128359
1.42551	-0.378664
1.29449	-0.329652
1.57186	-1.0469
0.792407	-0.644479
0.754091	-0.290739
1.03632	-0.391812
0.765235	0.0913591
0.879395	-0.287892
0.935312	-0.179246
0.871997	0.0494497
0.844141	-0.141924
0.920757	-0.135465
0.775549	-0.497319
1.99882	-1.52935
1.55608	-0.935001
1.34507	-0.743415
1.34792	-0.773339
1.28756	-0.70779
1.27017	-0.758102
1.26663	-0.835653
1.33789	-0.957961
1.11729	-0.685441
1.03075	-0.474752
1.36389	-0.848189
1.71843	-1.49899
1.91669	-1.74633
1.92515	-1.78007
1.76357	-1.5174
1.8522	-1.83881
1.81656	-1.66588
1.32521	-0.995262
1.29297	-1.00654
1.2351	-1.04505
0.96563	-0.780954
1.01063	-1.05106
1.52199	-1.71523
1.69373	-1.85431
2.33725	-2.75354
2.41279	-2.59098
2.81362	-2.88732
3.20781	-3.38451
2.57888	-2.61781
1.11126	-1.13457
1.37358	-1.07845
1.22782	-1.00371
1.14068	-1.01488
0.969797	-0.881879
0.808215	-0.776971
0.95303	-0.926205
0.987042	-0.927672
0.798401	-0.672784
0.577738	-0.219384
0.21336	0.120957
0.649146	-0.24974
1.00136	-0.607645
0.816909	-0.513679
-0.128446	-0.021524
0.560399	-0.219008
1.17678	-0.676653
1.20665	-0.611786
1.58953	-1.0835
1.62787	-1.12009
1.90514	-1.37503
2.00065	-1.86164
1.62861	-1.25722
1.72257	-1.55904
1.57404	-1.26471
1.48788	-1.15136
1.92796	-1.67711
1.77369	-1.59219
2.17091	-2.15262
2.27025	-1.91296
2.14132	-1.75093
3.2237	-3.0517
2.92179	-2.98306
2.64948	-2.70463
2.22071	-2.08001
2.02407	-1.89703
1.59662	-1.10698
1.46706	-0.862184
1.36847	-0.579823
1.28297	-0.499634
1.44756	-0.701968
1.38302	-0.530866
1.15815	-0.392912
1.11118	-0.436335
1.07755	-0.383492
1.2196	-0.563748
1.58708	-0.929566
1.65103	-0.962779
1.57321	-1.07142
1.6691	-1.345
1.23484	-0.753285
1.52958	-1.06435
1.80296	-1.3365
0.933546	-0.660012
1.20156	-1.01959
1.417	-1.17096
1.37346	-1.24069
1.22826	-0.842709
1.42397	-1.12923
0.918789	-0.697901
0.905209	-0.549418
1.05486	-0.737152
0.811452	-0.469415
0.901463	-0.354898
0.866863	-0.483459
0.688427	-0.376414
0.999346	-0.585302
1.01106	-0.500645
0.797688	-0.333706
1.25024	-0.647944
1.19891	-0.60168
0.997009	-0.0369124
1.15439	-0.196193
1.12325	-0.318808
0.855554	-0.0447838
1.09077	-0.254476
0.912789	-0.0389208
1.06512	-0.157159
1.12783	-0.238607
1.09449	-0.592238
1.56925	-1.20111
1.40592	-1.02579
1.63476	-0.807096
2.22095	-1.78216
1.39508	-0.947855
1.37665	-1.22186
1.63561	-1.53082
2.14493	-2.06248
2.44896	-2.5131
2.59177	-2.96343
2.4646	-2.81037
2.49493	-2.78945
1.56364	-1.23455
1.46726	-0.868637
1.56759	-0.99046
1.60752	-1.07169
1.60835	-1.15989
1.25567	-0.750604
1.1986	-0.681586
1.26252	-0.763032
1.43413	-0.948726
1.61305	-1.0771
0.299774	-0.160769
0.175613	-0.381381
0.19283	-0.453348
0.144817	-0.288292
0.313547	-0.190403
0.185474	-0.292613
0.408991	-0.472571
0.71827	-0.780527
1.18272	-1.16303
1.0254	-0.986574
1.18821	-1.20045
1.27642	-1.35696
1.26404	-1.35878
1.26847	-1.39126
0.988854	-0.960977
1.18655	-1.02693
1.33364	-1.14606
1.12026	-0.900317
1.19457	-1.00835
1.09215	-0.892428
1.24474	-1.11985
1.29508	-1.15034
1.07566	-0.903199
0.913525	-0.666022
0.966015	-0.749187
0.980547	-0.778303
0.992172	-0.765667
0.96033	-0.747249
0.988423	-0.68474
0.994611	-0.710353
0.964151	-0.724547
0.920436	-0.74986
0.956116	-0.915192
0.914242	-0.91197
0.972392	-1.04423
1.19929	-1.20683
1.39624	-1.20474
1.31835	-0.719214
1.49529	-0.742024
1.43968	-0.959813
1.526	-0.882701
1.51602	-0.885292
1.28277	-0.394612
1.46245	-0.643481
1.42982	-0.338514
1.29765	-0.164038
1.32045	-0.26162
1.33057	-0.537673
1.12057	-0.133842
1.28833	-0.378124
1.34849	-0.568904
1.59866	-0.951573
2.00331	-1.75652
1.84244	-1.33179
1.81418	-1.40162
1.7833	-1.49301
1.88364	-1.421
1.83306	-1.44104
1.75503	-1.45631
1.48286	-1.08974
1.28622	-0.733096
1.3434	-0.850817
1.31066	-0.959413
1.40938	-1.10702
1.51612	-1.19291
1.57344	-1.29057
1.47829	-1.15872
1.54548	-1.29734
1.47926	-1.25065
1.35341	-1.29436
1.44313	-1.55364
1.34297	-1.14136
1.30662	-1.391
1.25257	-1.47808
1.06211	-1.35566
0.925198	-1.39426
1.01565	-1.57868
0.765558	-1.42078
0.771563	-1.17578
0.444016	-0.852523
0.554362	-0.979497
0.307324	-0.462291
0.226064	-0.414279
0.508165	-0.371029
0.56114	-0.359792
0.490621	-0.432325
0.803603	-0.695612
1.7109	-1.48724
1.42851	-1.06707
1.05288	-0.539215
0.927666	-0.321892
1.54362	-1.11858
2.3244	-2.53023
2.26716	-2.62206
2.14522	-2.4715
1.80238	-1.78008
1.9179	-1.85161
2.08984	-1.89628
2.13961	-1.93447
1.2522	-1.42764
0.684337	-1.31129
0.606196	-1.3064
0.518769	-1.16219
0.739443	-1.23909
0.883857	-1.11282
1.07091	-1.12348
1.34553	-1.36938
1.68513	-1.72081
1.46704	-1.39513
1.34717	-1.24704
1.3566	-1.1631
1.59574	-1.43941
1.66267	-1.44901
1.67479	-1.49051
1.95768	-1.84158
1.89649	-1.73694
2.01637	-1.80079
1.88906	-1.58793
1.55656	-1.32344
1.32161	-1.00252
1.25098	-1.00946
0.886462	-0.696725
0.888515	-0.924429
1.81428	-1.54499
1.8955	-1.31228
2.059	-1.448
2.35818	-2.41
2.73083	-3.05409
1.08363	-0.843264
0.238907	-0.0592896
0.0531743	-0.128979
0.321859	-0.397563
1.02068	-0.877121
1.00721	-1.0849
0.711237	-0.673621
0.603766	-0.565608
0.373283	-0.0143497
0.227133	-0.0929041
0.624599	-0.0587991
0.707493	-0.195051
0.50463	-0.219452
0.316384	-0.00582072
0.48171	-0.187868
0.719356	-0.425786
0.723751	-0.770302
-0.013338	-0.533311
-0.102789	-0.51118
-0.0568438	-0.473871
-0.0404837	-0.349677
0.00109524	-0.59004
0.848403	-1.10401
0.93062	-0.983826
0.693321	-0.737361
0.678607	-0.653854
0.820783	-0.708057
0.881848	-0.732945
0.728977	-0.62168
0.787435	-0.814391
0.648082	-0.852525
0.575233	-0.975595
0.618911	-1.13812
0.615036	-1.18711
0.71335	-1.31699
0.416841	-0.962586
0.196195	-0.667579
0.230148	-0.286496
0.46346	-0.468754
0.107008	-0.459859
0.125331	-0.392412
0.253537	-0.628724
0.50622	-1.01063
0.888427	-0.771448
1.52904	-1.3453
1.50809	-1.29354
1.69725	-1.42756
1.29824	-1.09014
1.49442	-1.06875
2.00602	-1.64046
1.79216	-1.43413
1.63022	-1.18572
1.668	-1.26701
1.47971	-0.798471
2.13108	-1.51856
2.0584	-1.53704
1.53627	-1.31488
1.24861	-0.85635
1.10749	-0.0445743
1.03951	-0.034321
1.03275	0.0624617
1.01838	-0.258621
0.855489	-0.109775
0.924902	-0.145109
0.852689	-0.126736
0.848786	-0.0948902
0.748743	0.0874689
0.884253	-0.189437
1.60985	-1.43775
1.65929	-1.70716
1.98752	-2.17375
2.25319	-2.52718
2.14629	-2.18375
2.36331	-2.36198
2.29429	-2.39978
1.56619	-1.43072
0.991252	-0.723655
1.33925	-1.06762
1.47049	-0.30265
1.24604	-0.286855
1.59893	-1.23944
3.12334	-3.76826
2.6331	-2.84304
2.04687	-1.95833
1.85838	-1.64771
1.83825	-1.6314
1.62005	-1.33754
1.36752	-0.997278
1.36757	-1.15803
1.20507	-0.866454
1.26706	-0.95095
1.27502	-1.04921
1.05165	-0.733619
0.847858	-0.469446
0.824313	-0.548567
0.594915	-0.390954
0.642984	-0.429174
0.852047	-0.701605
0.888389	-0.824473
1.05643	-0.92677
1.21897	-1.20076
1.30468	-1.35343
1.69111	-2.00649
1.84031	-2.13497
1.69306	-1.92982
1.15338	-1.37035
0.647543	-0.652325
0.635295	-0.17707
0.513698	0.207832
0.553786	0.49308
0.611743	0.500716
0.894507	0.47061
0.623023	0.23428
0.421474	0.29366
0.673931	0.564761
0.91516	0.801777
0.823147	0.582989
0.793252	0.753571
0.152675	0.252856
0.509064	0.00809502
0.628338	0.0782195
0.677418	0.296832
0.674608	0.190883
0.613718	0.127487
0.756595	0.101306
0.859034	-0.140875
0.849721	-0.168654
0.844567	0.057885
0.967885	-0.189628
0.843885	-0.0736164
0.689938	0.00676989
0.750292	0.0347621
0.876644	-0.105033
0.973624	-0.191722
0.968045	-0.0806391
0.835061	-0.118956
0.834446	-0.103721
0.815916	-0.0490961
0.861312	-0.193728
1.01554	-0.31525
0.821865	-0.034968
0.834039	-0.239296
1.03716	-0.329022
0.92049	-0.184777
0.99998	-0.128106
1.09573	-0.224576
0.871637	-0.0832643
0.56748	-0.66672
1.7051	-1.38156
1.22673	-0.807465
1.39632	-1.28042
1.34206	-1.06345
1.10787	-0.740115
1.24187	-0.847758
1.48636	-0.91128
1.81454	-1.33629
1.78431	-0.905747
2.06654	-1.42322
1.60566	-0.868161
1.21432	-0.763903
0.917107	-0.568191
1.50313	-1.21292
1.39893	-1.10147
1.44794	-1.20807
1.66528	-1.52163
1.86384	-1.74992
1.94525	-1.65401
1.62151	-1.40428
1.25494	-0.869109
0.933142	-0.573307
0.901118	-0.397925
0.875745	-0.221816
0.905507	-0.244096
0.948756	-0.200248
1.11721	-0.4097
1.11107	-0.380049
1.16345	-0.574753
1.11192	-0.48494
1.28823	-0.637974
1.212	-0.567854
0.931256	-0.222861
0.990088	-0.36111
1.15671	-0.159368
0.921422	-0.117519
0.983191	-0.112862
1.09076	-0.367285
1.03882	-0.134034
0.987948	-0.170973
1.19021	-0.787982
1.35314	-1.23608
1.20321	-1.01798
1.48791	-1.4491
1.68631	-1.80911
1.69074	-1.81926
1.61489	-1.69368
1.79839	-1.81365
1.8764	-1.9191
1.67046	-1.51354
1.79869	-1.60549
2.0165	-1.74121
1.79536	-1.47734
1.59679	-1.20981
1.57094	-1.0532
1.52241	-0.837945
1.17075	-0.460107
0.952294	-0.3258
0.978019	-0.507164
1.00486	-0.701841
1.11877	-0.972575
1.47729	-1.63
1.44216	-1.56082
1.482	-1.58686
2.19572	-2.18897
2.27669	-2.56636
2.26341	-2.49182
2.26414	-2.33777
1.2536	-1.3798
1.34001	-1.08473
1.25157	-0.974428
1.64543	-1.45231
2.1762	-2.44785
2.64093	-3.40084
2.57912	-3.34102
2.0992	-2.50994
1.92276	-2.2438
1.60854	-1.86895
1.21433	-1.01466
0.959823	-0.483234
1.2886	-0.918587
1.42413	-1.13137
1.26055	-1.23647
1.0587	-1.18396
0.966911	-1.14761
0.649385	-0.948507
0.732721	-0.894844
0.527572	-0.804852
0.86917	-1.27491
1.0998	-1.18141
1.00059	-0.714785
1.0665	-0.491941
0.86003	-0.403671
0.976749	-0.289325
0.911014	-0.486587
0.946756	-0.675475
0.96978	-0.487608
0.975784	-0.376068
0.720354	0.131646
0.338735	0.378108
0.297252	0.340345
0.663706	0.296251
0.0988307	-0.0802603
0.200975	0.10353
0.374975	0.303498
0.333924	0.3245
0.390411	0.209218
0.567368	0.214696
0.656743	0.246386
0.684977	0.39464
0.829555	0.564888
0.648723	0.277232
0.560734	0.348335
0.507042	0.351747
0.433746	0.202363
0.312239	0.0687203
0.465452	0.423647
0.31073	0.336296
0.396046	-0.0412624
0.373255	0.0596197
0.474219	0.0266059
0.691694	-0.0145794
0.417371	0.0832475
0.76202	0.0751618
0.887037	-0.293761
0.732539	-0.140754
0.825745	-0.0512912
0.891708	-0.0902355
1.07543	-0.0481026
0.988503	-0.146839
0.869233	-0.0420816
0.977629	-0.0315753
1.02884	-0.110316
1.02643	-0.109986
1.08481	-0.209112
0.888552	-0.0536727
0.808862	0.0833494
1.01934	-0.361777
0.878646	-0.0668147
0.96372	-0.129356
1.03237	-0.169272
0.901938	-0.125426
1.16836	-0.548495
0.848623	-0.217717
1.00495	-1.27497
0.722643	-1.36804
0.823465	-1.59574
1.15354	-1.58921
0.847927	-1.21703
0.972808	-1.2948
1.21266	-1.53131
1.39882	-1.65164
1.2872	-1.23405
1.46905	-1.24154
1.46505	-1.1127
1.10432	-0.82359
1.14013	-0.72625
2.32863	-2.2266
1.90027	-1.72289
1.82095	-1.91206
1.61557	-1.48158
1.57263	-1.82154
1.8596	-1.94513
1.90315	-2.03033
1.3665	-1.42703
1.26373	-1.15711
1.23779	-0.936005
1.26282	-0.547019
1.24134	-0.517677
1.07663	-0.346554
1.08315	-0.361761
0.996216	-0.322716
0.795557	-0.10068
1.08092	-0.318213
1.13609	-0.592147
1.45492	-1.42369
1.56302	-1.73601
1.38181	-1.62911
1.3188	-1.65825
1.5382	-2.05564
1.74011	-2.09816
1.80404	-2.12494
1.33385	-0.985609
1.13437	-0.744116
1.09116	-0.723517
1.05569	-0.639279
1.05309	-0.643228
0.947855	-0.594279
0.775085	-0.419556
0.957993	-0.707622
0.124255	-0.0518865
-0.316206	-0.0256164
-0.18921	-0.225339
-0.184927	-0.328251
0.0446192	-0.300927
1.20135	-1.08735
1.88342	-1.76733
1.69356	-1.71609
1.5368	-1.44476
1.88007	-2.04554
1.6698	-1.85168
1.21165	-1.3481
0.633259	-0.680083
0.438487	-0.453622
0.369671	-0.421491
0.262052	-0.383496
0.213236	-0.32891
0.203655	-0.356716
0.0313763	-0.311827
-0.0357585	-0.404009
0.0424601	-0.319526
0.119021	-0.397968
0.551787	-1.06167
1.50699	-1.57865
1.91651	-2.01082
1.84053	-1.86814
1.37434	-1.18779
1.25971	-1.02181
1.23805	-0.95222
1.36899	-1.20683
1.44903	-1.34603
1.62418	-1.64787
1.83422	-2.00278
2.06039	-2.35937
2.34515	-2.86019
2.31657	-2.85392
0.828945	-0.878622
0.803238	-0.726225
1.54183	-1.17443
1.76595	-1.35904
1.82532	-1.53071
2.17142	-1.72669
1.91523	-1.19495
2.02145	-1.72831
1.97207	-1.73462
1.88287	-1.68098
2.16377	-2.13849
2.15355	-2.2038
1.51674	-1.16835
1.12933	-0.739986
1.47796	-1.02111
1.45345	-0.993269
2.08903	-1.6161
1.92733	-1.21228
2.32445	-2.15887
2.45341	-2.34699
1.95205	-1.63641
2.11454	-1.91598
1.98253	-1.73807
2.09862	-1.99613
1.87614	-1.90468
1.6777	-1.54235
1.77475	-1.49317
1.63368	-1.30131
1.60742	-1.105
1.47979	-0.989691
1.07448	-0.630172
1.02266	-0.488176
0.790765	-0.0904768
0.845339	-0.0949122
0.673736	0.158947
0.820239	0.0387387
0.605608	0.328877
0.487824	0.568695
0.432015	0.846675
0.359196	0.964612
0.354295	0.985839
0.339894	1.13387
0.229228	0.843925
0.415125	0.593021
0.549569	0.268292
0.555819	-0.489525
1.16985	-0.990536
1.01955	-0.870462
0.922058	-0.46267
1.10438	-0.403558
0.955523	-0.422967
0.868191	-0.18452
0.724422	-0.0531
0.625629	-0.275826
2.7723	-2.51333
2.37265	-1.9924
1.9623	-1.27122
1.90008	-1.21209
1.65631	-0.685478
1.48762	-0.4198
1.3501	-0.251593
1.69658	-0.814294
1.28653	-0.393675
0.757757	0.0930801
0.303677	0.447161
0.781563	-0.0787375
0.751363	-0.17159
0.706152	-0.317194
0.625955	-0.0636621
0.866374	-0.323382
0.782309	-0.343646
0.822928	-0.383224
1.1229	-0.858067
1.02391	-0.622329
0.828193	-0.298912
0.743997	-0.0650672
0.979739	-0.648356
1.10564	-0.529378
1.02984	-0.303195
0.997353	-0.404167
1.03868	-0.133101
0.932843	-0.21623
0.903996	-0.23538
0.727439	0.0772399
0.704876	0.195765
0.871853	0.0645766
0.817963	-0.195109
0.91432	-0.0166625
0.95935	-0.405793
2.07021	-1.27891
2.34557	-1.58894
2.12077	-1.07626
1.68437	-0.398857
1.82716	-1.0132
1.68841	-1.07098
1.34878	-0.564171
1.2406	-0.510258
1.23615	-0.831179
1.40585	-1.311
1.40943	-1.53058
1.15032	-1.39525
0.666749	-0.628063
0.915084	-0.276525
0.940421	-0.314732
0.879393	-0.356123
0.983982	-0.0586406
0.789623	-0.119424
1.01735	-0.105212
1.20825	-0.558795
0.826293	-0.642142
2.56866	-2.61109
2.69477	-2.90774
2.81451	-2.76246
2.57141	-2.18836
2.69852	-2.9407
1.87576	-1.99199
1.61206	-1.52069
1.44913	-1.23217
1.46425	-1.27356
1.40249	-1.19104
1.37186	-1.17275
1.45529	-1.35424
1.73472	-1.67939
2.38319	-2.46681
1.83795	-1.55797
0.538067	-0.375964
0.247755	0.13999
0.491254	0.230161
0.843436	0.467728
0.619624	0.564616
0.564955	0.578046
0.718686	0.443418
0.927088	0.384432
0.71558	0.283798
0.622797	-0.152869
1.03021	-0.435607
0.836556	-0.188068
1.02204	-0.91399
1.29891	-1.15503
1.29304	-0.859564
1.47816	-1.064
1.41036	-1.17609
1.32536	-0.822378
1.27039	-0.534365
1.33434	-0.572994
1.23217	-0.41905
1.01262	-0.269941
0.690445	-0.0407626
0.923509	-0.535052
1.43957	-1.27034
1.8872	-2.06457
2.07243	-2.24267
1.46402	-1.66339
0.727713	-0.71766
0.666844	-0.223262
0.740964	0.102412
0.788998	-0.0798977
1.20045	-0.574601
1.0996	-0.446483
0.831846	-0.245648
1.12079	-0.589895
1.21545	-0.448282
1.0142	-0.115293
0.899274	-0.357384
1.28725	-1.0622
2.76853	-2.88219
3.11091	-3.46822
3.0309	-3.09341
2.50574	-2.36239
2.04959	-2.1437
1.4227	-1.32308
1.50741	-1.42899
1.38388	-1.23034
1.49276	-1.4658
1.42913	-1.30932
1.46009	-1.32069
1.45297	-1.3345
1.44794	-1.30599
1.51312	-1.31847
1.25409	-0.97726
1.05654	-0.863747
1.0285	-0.975246
0.850828	-0.743719
1.11263	-1.00596
1.33828	-1.14962
1.79027	-1.64943
1.92913	-1.797
1.81374	-1.50801
2.04477	-1.76675
1.62151	-1.05959
1.61356	-0.943917
1.9247	-1.25535
1.7434	-0.755819
2.12916	-1.32163
2.12732	-1.61756
1.92812	-1.3735
1.52842	-0.857511
1.34893	-0.693305
1.12637	-0.499604
1.04219	-0.433452
1.18311	-0.601033
1.03971	-0.465589
0.885496	-0.48794
0.969062	-0.769405
1.12029	-1.01973
1.18429	-1.13594
1.48438	-1.52907
1.89679	-1.79691
2.44013	-2.00238
1.6901	-1.13495
1.28744	-0.91037
1.25763	-0.925932
1.50423	-1.14098
1.63682	-1.29271
1.8899	-1.6369
1.84316	-1.70055
2.012	-1.95759
1.85498	-1.74685
1.56442	-1.33126
1.36372	-1.1254
1.2484	-1.08925
1.17555	-0.934788
1.22603	-1.02377
1.65443	-1.5431
1.48553	-1.41895
0.179893	-0.251387
0.47673	-0.586529
0.731673	-0.186295
0.90308	-0.19733
0.730107	-0.159677
0.637083	-0.188188
0.542749	-0.00101753
0.505701	0.130868
0.297062	0.181865
0.652516	0.110475
1.20195	0.602554
1.00589	0.323888
1.14735	0.411554
1.38929	0.53655
1.16125	0.284008
1.09464	0.00667813
0.968045	-0.281372
1.06523	-0.290007
0.793313	-0.459428
1.88067	-0.977523
1.62881	-0.804888
1.5614	-0.813405
2.00772	-1.22481
2.50028	-2.20183
1.95861	-1.52454
1.35627	-0.708663
1.39591	-0.705052
1.49724	-0.941034
1.4095	-0.915969
1.34672	-0.945203
1.57941	-1.32391
1.63622	-1.44998
1.77087	-1.7298
1.87941	-1.91851
2.14744	-2.30306
1.92183	-1.92526
1.45888	-1.30071
1.45051	-1.23424
1.88084	-1.85301
1.64928	-1.5651
1.54786	-1.40522
1.50862	-1.39923
1.41522	-1.31371
1.649	-1.61355
1.88358	-1.85855
2.13569	-1.89691
2.07694	-1.94229
1.02418	-0.957101
0.781561	-0.770937
0.586122	-0.442067
0.846383	-0.195739
0.80899	-0.419004
0.814065	-0.332944
0.648447	-0.419379
0.620233	-0.128406
0.669533	-0.139644
0.789073	-0.0975326
1.0386	-0.387185
1.38338	-0.624303
0.885235	-0.27431
1.05704	-0.528369
0.970838	-0.283113
0.90301	-0.174604
0.96001	-0.337101
0.935488	-0.223508
0.904939	-0.307798
0.944152	-0.372799
1.00169	-0.50822
0.849314	-0.234489
0.742583	-0.241606
1.17182	-1.01151
0.96271	-0.755489
0.586148	0.316657
0.402372	-0.00200616
0.520635	-0.0538087
0.581654	0.220636
0.756388	0.266915
0.787981	0.122984
1.0318	0.327472
0.887138	0.3196
1.42068	0.772351
0.913338	0.554745
1.01179	0.451694
1.03746	0.4206
0.825924	0.408096
0.597965	-0.090784
0.60791	-0.0600672
0.483857	-0.15433
0.616323	-0.273052
0.706682	-0.281344
0.911228	-0.690598
2.25709	-2.07534
2.29723	-2.14886
2.24948	-2.04575
2.08397	-2.02104
2.30225	-2.36088
2.15962	-2.10974
1.72159	-1.51307
1.61608	-1.38481
2.13671	-2.20456
1.9183	-1.76409
1.65619	-1.40586
1.97185	-1.61702
1.97449	-1.69797
2.19562	-2.09991
2.32868	-2.28494
2.5396	-2.49591
2.83888	-2.63508
3.05037	-2.82088
2.71433	-3.11921
2.3876	-2.83611
1.77749	-1.82347
1.75643	-1.70935
1.95848	-1.99712
1.91739	-1.81115
1.98263	-1.79088
2.05137	-1.86446
2.20205	-1.97713
2.28	-2.06648
2.24401	-1.97773
1.88106	-1.15654
1.52635	-0.906351
1.20056	-0.692561
1.12994	-0.548851
1.27071	-0.646638
1.69452	-0.894759
1.07846	-0.337988
1.06573	-0.47131
1.13508	-0.485724
1.35813	-0.804373
1.05479	-0.40052
1.14725	-0.358509
1.01041	-0.334997
0.894335	-0.214322
0.94402	-0.224353
0.856784	-0.613588
0.517114	-0.3064
0.860881	-0.300812
0.739716	-0.545012
0.444907	-0.187577
0.871061	-0.626162
1.17675	-0.685025
1.50697	-0.983951
1.64141	-1.07161
1.63924	-1.17618
1.03995	-0.353338
0.909191	-0.0943296
1.20361	-0.514653
1.44094	-1.23646
1.3897	-1.46112
1.44285	-1.419
1.55472	-1.58588
1.42706	-1.47176
1.65301	-1.67908
1.84205	-1.82232
1.507	-1.43607
1.15912	-0.88488
1.18363	-0.849447
0.552699	-0.327757
0.760505	-0.1148
1.093	-0.685789
1.66365	-1.27081
1.42507	-1.64121
1.08894	-0.976178
1.31062	-1.39036
2.16819	-2.15477
1.72817	-1.48292
1.82654	-1.21771
1.27217	-0.490878
1.18626	-0.297348
1.29251	-0.456623
1.22022	-0.380138
1.04035	-0.266818
1.16804	-0.259717
0.997674	-0.115567
0.719046	0.0989347
0.473227	0.427801
0.616842	0.0980525
0.573906	0.0528834
0.70916	-0.122088
0.828489	-0.410021
1.05646	-0.0908167
1.26531	-0.286731
1.3919	-0.471803
1.31104	-0.385585
1.62696	-0.987383
1.5902	-0.96651
1.42479	-0.863407
1.51063	-0.944205
1.33455	-0.593594
1.12355	-0.548546
1.24917	-0.486501
1.17816	-0.439763
1.31891	-0.352654
1.13096	-0.50468
1.33006	-0.528704
1.05404	-0.176222
1.30488	-0.541963
1.07668	-0.559877
1.26041	-0.681653
1.36104	-0.993972
1.02768	-0.789456
0.951328	-0.695027
0.911056	-0.505917
1.0044	-0.406535
1.24321	-0.509252
1.04961	-0.358861
1.08628	-0.420905
1.02227	-0.327964
0.865305	-0.176887
0.922391	-0.234129
1.02254	-0.0800619
0.98944	-0.085242
1.052	-0.146217
1.16262	-0.26501
0.911539	0.0700511
1.09729	-0.168089
1.10433	-0.239158
1.17367	-0.392723
1.05673	-0.692064
1.15148	-1.25629
0.984669	-0.913209
1.42172	-1.26117
1.31034	-1.08413
1.93199	-1.79379
1.92114	-1.80572
1.64218	-1.24248
1.77937	-1.37734
1.8299	-1.54409
1.95399	-1.808
2.12944	-2.10476
2.10381	-2.05021
1.72349	-1.41531
1.67004	-1.25291
1.70078	-1.29318
1.64365	-1.2024
1.79585	-1.48004
1.86799	-1.50883
2.24741	-2.05158
2.70136	-2.64691
2.26563	-1.82397
1.10932	-0.723999
0.299873	-0.00533449
0.40881	-0.0681635
0.286131	-0.106184
0.199552	-0.146487
0.196893	-0.215051
-0.207472	-0.121563
0.200143	-0.229903
0.350745	-0.021318
0.404935	0.0194901
0.594351	-0.603197
1.42575	-1.57951
1.1995	-1.2895
1.07135	-1.06234
0.927386	-0.787411
0.882439	-0.66414
0.944208	-0.664948
1.20709	-0.867904
0.307638	-0.402514
-0.0578305	0.0507141
0.0935129	0.203479
0.34476	0.428089
0.490996	0.454519
0.743539	0.266652
0.675284	0.0246987
0.462248	-0.0368507
0.501885	0.0215939
0.87304	-0.11019
0.776424	-0.0700197
0.783569	-0.376037
1.34569	-0.802307
1.87113	-1.3462
1.67091	-1.1161
1.66678	-1.21596
1.89514	-1.59356
2.20935	-1.88525
1.65414	-1.21746
2.51525	-2.58436
2.40491	-2.54392
1.66236	-1.43653
1.46996	-1.09282
1.2904	-0.791375
1.0719	-0.685566
1.0377	-0.727034
0.894401	-0.6075
0.599633	-0.344827
1.00791	-0.828133
1.00303	-0.895646
0.866211	-0.592221
0.934579	-0.646064
0.92005	-0.74894
0.0805982	0.000732424
0.476607	0.311768
0.293966	-0.375743
1.08473	-1.29483
0.860463	-1.01617
0.979469	-1.06502
1.11839	-1.31868
0.907276	-1.11271
0.850587	-1.14206
0.787652	-1.05207
0.692491	-0.861588
0.622494	-0.703252
0.536625	-0.603155
0.558422	-0.648483
0.605836	-0.733321
0.524668	-0.88818
0.592864	-0.891103
0.630056	-0.6887
0.697161	-0.729012
0.955146	-0.987451
0.976355	-0.636057
0.916192	-0.829936
0.796246	-0.671785
0.692946	-0.647565
0.647789	-0.71664
0.235565	-0.205232
0.0370973	-0.0820356
0.193085	-0.156385
-0.10924	-0.351012
-0.0646446	-0.307551
0.144412	-0.221355
0.829383	-0.40626
1.19954	-0.71223
1.13487	-0.59563
1.23604	-0.720414
1.26127	-0.7352
1.28001	-0.789001
1.20569	-0.703955
1.13773	-0.611386
1.16277	-0.663499
1.46111	-1.06688
1.31688	-0.912718
1.26161	-0.902819
1.33326	-1.13035
1.69487	-1.75757
1.25194	-1.14928
0.738432	-0.892079
0.504229	-0.558388
0.0228687	-0.215937
-0.029271	-0.248292
0.105335	-0.450898
-0.0421239	-0.389261
0.0976579	-0.125762
0.352089	-0.367236
1.57547	-1.47089
1.74254	-1.34295
1.83598	-1.47819
1.89234	-1.25239
1.96364	-1.32627
1.88362	-1.07866
1.73261	-0.899967
1.47993	-0.610163
1.5011	-0.927585
1.61644	-1.21028
1.68638	-1.44549
2.17622	-1.85946
1.12337	-1.00052
0.496005	-0.590286
0.313115	-0.00303718
0.51929	0.355999
0.362924	0.386563
0.210931	0.16541
0.617041	-0.16847
0.880775	-0.383363
0.948477	-0.449181
0.834855	0.212822
0.717157	0.123513
0.736222	-0.359844
0.187799	-0.405371
0.615529	-0.635795
0.352587	-0.484612
0.820364	-0.715238
1.21623	-0.990452
1.33497	-0.969286
1.67453	-1.22361
1.44399	-1.07309
0.317978	-0.3979
0.290165	-0.171024
0.315755	0.0136795
0.405889	0.382744
0.137985	0.261337
0.269937	0.146045
0.305077	-0.0244381
0.370151	0.154562
0.211561	0.351689
0.268985	0.295466
0.372764	-0.0589262
1.15899	-0.527627
1.65358	-1.01348
1.99654	-1.45293
1.99193	-1.64822
1.87442	-1.58599
2.01832	-1.74756
2.27084	-2.05183
2.3709	-2.05096
2.27111	-1.95354
2.44552	-2.14409
2.02506	-1.48266
1.78615	-1.11045
1.26411	-0.573103
1.40219	-0.806187
1.60812	-1.09798
1.53039	-0.948799
1.31316	-0.812679
1.25457	-0.760336
1.16011	-0.667532
1.06685	-0.626384
0.831943	-0.516208
0.818909	-0.59962
0.84498	-0.77227
0.762791	-0.721746
0.694225	-0.755381
0.849638	-1.08095
0.681672	-0.96888
0.60128	-0.953221
0.623474	-1.07894
0.577321	-0.990248
0.53094	-1.03959
0.673462	-1.27942
1.00297	-1.2412
0.555855	-0.976031
0.477014	-0.873377
0.808082	-0.861288
0.59059	-0.490855
0.385535	0.028711
0.537887	0.274195
0.420651	0.210628
0.387413	0.283042
0.516255	0.490832
0.557069	0.615381
0.380777	0.487915
0.461598	0.54082
0.343477	0.345278
0.424234	0.436414
0.442169	0.332536
0.415213	0.293396
0.555153	0.286301
0.529593	0.106872
0.411817	0.211467
0.652176	0.0951039
0.583263	0.0777129
0.544842	0.00643878
0.923227	-0.148454
0.979765	-0.231913
1.23379	-0.545964
1.33551	-0.484804
1.09218	-0.246521
0.838218	-0.0483764
0.749903	0.0277794
1.00243	-0.30935
0.884042	-0.0121943
0.90025	-0.168781
1.07182	-0.503102
1.32177	-0.552376
1.43815	-0.710257
1.88011	-1.30719
1.48568	-1.02769
1.15388	-0.431335
1.39324	-0.713314
1.73766	-1.13126
1.55333	-1.1441
0.131742	0.128907
-0.215843	-0.260321
-0.0605291	-0.143168
0.0977006	-0.00186355
0.408531	0.156764
0.544068	1.46639e-05
0.712828	-0.464154
0.646408	-0.886698
2.0196	-2.01384
1.81962	-1.57479
1.8721	-1.79746
2.06607	-2.23843
2.28244	-2.53571
2.01895	-2.21307
1.54786	-1.66998
0.945759	-1.11823
0.706566	-0.932431
0.545323	-0.86039
0.386246	-0.768562
0.370113	-0.713329
1.00189	-1.08427
1.73684	-1.96162
1.45326	-1.51172
1.28312	-1.28732
1.29069	-0.940652
0.337336	-0.484844
-0.196552	-0.260125
-0.165114	-0.243764
-0.0126383	-0.159305
1.04166	-1.04384
1.73343	-1.98995
1.69365	-1.85154
1.88996	-2.04974
2.13095	-2.2789
2.71961	-3.15193
2.99354	-3.39043
1.24011	-0.969515
0.689306	-0.704189
0.712406	-0.147437
0.687696	-0.158664
0.859567	0.211186
0.949625	0.0185337
1.03684	-0.417126
1.10705	-0.667584
1.58592	-1.3949
1.64836	-1.57511
1.19036	-1.086
1.44219	-1.67732
1.68591	-1.9446
1.33113	-1.33739
1.21849	-1.13664
1.06601	-0.95551
0.862613	-0.828587
0.795939	-0.901396
0.894953	-1.06847
0.0984854	-0.72079
-0.0594377	-0.660173
0.1031	-0.425166
0.274903	-0.415674
0.0981702	-0.521703
0.0682856	-0.482708
-0.0844094	-0.748373
0.0708469	-0.824352
0.315362	-0.873034
0.337943	-0.933548
0.437419	-0.988523
0.509547	-1.03897
0.60716	-1.08636
0.75156	-1.18824
1.19388	-1.56042
1.00519	-1.11601
0.636622	-0.838458
0.847785	-0.798521
0.814882	-0.6212
0.258461	0.0983086
0.568958	0.35681
0.30661	-0.148914
2.205	-1.98325
1.92341	-1.81748
1.81652	-1.70275
1.67819	-1.57647
1.89294	-2.06797
2.30358	-2.72404
2.29072	-2.68993
1.93135	-2.15501
1.56327	-1.4754
1.40455	-1.10753
1.50309	-1.15392
1.39119	-0.981565
1.38147	-1.07423
1.27317	-0.971764
1.19722	-0.994164
1.59366	-1.0675
1.17194	-0.970612
1.13195	-0.769989
0.261579	0.00790073
0.254573	0.0654056
1.04898	-0.582448
1.86188	-2.01112
1.68657	-1.66222
1.56758	-1.45548
1.8584	-1.67777
2.50425	-2.39514
2.44503	-1.91355
2.406	-2.11172
2.29713	-2.16551
1.98392	-1.77545
1.96375	-1.73549
1.57837	-1.12166
1.52289	-0.663726
1.38346	-0.407906
0.759409	0.0637483
0.819812	0.0601568
0.8935	-0.104527
1.20351	-0.389498
1.22773	-0.518643
1.11279	-0.521641
1.392	-0.920332
1.3039	-0.949963
1.46429	-1.27997
1.32704	-1.06897
1.44423	-1.13674
1.49062	-1.24778
1.08805	-0.782195
1.73388	-1.64423
1.33151	-1.22337
1.01088	-1.07383
1.50644	-1.70019
1.18495	-1.51904
1.5074	-1.52311
1.62506	-1.83613
0.741701	-0.040426
0.8902	-0.183419
1.04073	-0.189565
0.853477	-0.00147757
1.02952	-0.234516
1.22388	-0.348241
1.03379	-0.394185
1.06765	-0.296009
0.964374	-0.110616
0.904286	-0.634859
1.04152	-0.89797
1.18131	-0.967725
1.47803	-1.18869
1.94786	-1.45203
1.23777	-0.450625
0.921032	-0.433356
1.53082	-1.16336
2.26133	-2.27121
2.62359	-2.86589
2.40136	-2.6741
2.40721	-2.82096
2.40586	-2.80183
2.12547	-2.20148
1.7705	-1.71689
1.71699	-1.66109
1.91406	-1.95116
1.97413	-2.01842
1.98995	-1.95484
1.88148	-1.70264
1.74464	-1.50811
1.73982	-1.4155
1.85945	-1.58265
1.84552	-1.60571
1.62824	-1.38396
1.79759	-1.74245
1.87105	-1.86261
2.27893	-2.5125
2.35575	-2.42566
2.14109	-2.28188
1.69958	-1.66773
1.50135	-1.39957
1.6216	-1.54238
1.74523	-1.69244
1.80066	-1.70642
1.68024	-1.53621
1.75882	-1.57542
1.61662	-1.35568
1.45315	-1.16858
1.4006	-1.04902
1.36051	-1.00798
1.3991	-1.15297
1.43791	-1.28389
1.28889	-1.12189
1.10008	-0.932853
0.957695	-0.928026
0.878916	-0.904354
0.751625	-0.838084
0.778328	-0.861364
0.74985	-0.924476
0.687106	-0.759444
0.581203	-0.817787
0.579576	-0.705051
0.64696	-0.722919
0.843545	-0.894347
0.912763	-0.8124
1.10914	-0.924101
1.22298	-0.913031
1.34053	-1.01436
1.2452	-0.876975
1.24941	-0.879918
1.25063	-0.889913
1.30881	-1.02605
1.25746	-0.98264
1.26773	-0.973337
1.21876	-0.907302
1.24716	-0.971755
1.44354	-1.13814
1.51378	-1.176
1.4217	-1.15091
1.54448	-1.26267
1.61348	-1.38732
1.43832	-1.03846
1.43608	-1.02832
1.60767	-1.308
1.68165	-1.43089
1.79722	-1.59622
1.69366	-1.40214
1.9805	-1.79148
2.40671	-2.31201
2.16947	-1.54308
2.09845	-1.68937
1.42693	-1.09376
1.52267	-1.26592
1.57162	-1.22443
1.76798	-1.29334
1.41826	-0.82174
1.48816	-1.19558
1.41121	-1.03282
1.43575	-1.08253
1.33706	-0.978732
1.38741	-0.93617
1.37608	-0.911161
1.06772	-0.480718
1.05979	-0.286535
0.891384	-0.188732
1.16199	-0.469551
1.30403	-0.625069
1.07605	-0.389885
1.0475	-0.348971
1.02115	-0.0565322
1.15136	-0.380579
0.994954	-0.283315
1.01227	-0.223881
0.846275	-0.130449
0.810204	-0.0751452
1.02404	-0.893451
1.11284	-0.826618
1.05166	-0.78346
1.14287	-0.581295
1.33561	-0.88189
1.64456	-1.22787
1.18442	-0.542815
1.80319	-1.22464
1.73041	-1.23875
1.90089	-1.48254
2.38732	-1.76977
1.85931	-1.413
1.98355	-1.60762
1.65866	-1.23919
1.82083	-1.43861
1.7192	-1.25996
2.1993	-1.90563
1.86491	-1.87152
1.98539	-2.11701
1.59601	-1.74474
1.18956	-1.13564
1.33965	-1.21751
1.45146	-1.45505
1.41194	-1.29597
1.4305	-1.43975
0.676479	-0.588378
0.0545285	-0.159599
-0.223253	-0.48151
-0.177968	-0.355853
0.396149	-0.406218
1.01253	-0.669648
1.00466	-0.468043
1.23095	-0.682545
1.40202	-0.632673
1.73653	-1.15882
2.13232	-1.70328
2.287	-1.81362
2.27685	-1.92408
1.97965	-1.5115
2.08438	-1.65824
2.10647	-1.79481
1.94129	-1.63979
2.14178	-2.02326
2.13207	-2.3723
1.7591	-1.77711
1.93132	-1.90881
1.46284	-1.1554
1.04669	-0.521534
1.23852	-0.728676
1.29262	-0.617375
1.49902	-0.83098
1.2877	-0.698457
1.34817	-0.652178
1.23858	-0.522013
1.10791	-0.402756
1.28563	-0.661841
1.67366	-0.795121
1.58944	-0.904366
1.91862	-1.55563
2.28504	-2.19354
2.1997	-1.94664
1.67912	-1.90051
2.18487	-2.77342
1.51767	-1.26054
1.02539	-0.45193
1.19924	-0.511122
1.26265	-0.779502
1.28713	-0.757735
1.28869	-0.756621
1.16704	-0.598171
1.43356	-1.04649
1.23044	-0.862825
1.27358	-0.646234
1.31963	-0.714299
0.957962	-0.364494
0.335347	-0.103339
-0.281599	-0.106648
0.111572	-0.107677
0.212306	0.250593
0.416702	0.234672
0.503153	0.0883886
0.0443973	-0.429292
0.391542	-0.422801
1.09493	-0.499004
0.967552	-0.481111
1.0399	-0.381162
0.872678	0.00917552
1.45285	-0.401129
1.30641	-0.462683
1.16948	-0.320027
0.710595	0.00381034
1.13291	-0.495018
1.26619	-0.69983
1.36032	-0.915887
1.01454	-0.613937
0.95046	-0.691218
1.18465	-0.928138
0.979937	-0.239946
0.878138	-0.110191
0.915105	-0.0405567
0.910861	0.13271
0.942475	-0.24318
1.17151	-0.550392
1.12146	-0.559418
0.991563	-0.189555
0.660779	0.0990377
0.964265	0.0890992
1.07066	-0.256272
1.04294	-0.0633744
1.11408	-0.0224011
0.988309	-0.172528
0.900653	0.0242951
1.05335	-0.145585
0.939674	-0.183391
1.04101	-0.348922
1.18984	-0.423623
1.03191	-0.0836736
0.75986	-0.119775
1.69508	-1.06251
1.50243	-1.01042
1.49919	-0.9039
1.49663	-0.569497
1.37894	-0.433519
1.30691	-0.526869
1.98956	-1.07536
2.22153	-1.81818
1.83145	-1.15616
2.33521	-1.88044
1.91601	-1.37951
1.40212	-0.72475
1.60176	-0.900146
1.59494	-0.995356
1.48098	-0.873391
2.05345	-1.62754
2.35131	-2.01662
2.11864	-1.59321
1.87819	-1.40016
1.96481	-1.68414
1.73148	-1.32186
1.72494	-1.39175
1.68167	-1.43265
1.8435	-1.58309
2.16454	-2.45764
1.45406	-1.70325
1.29844	-1.50363
1.14877	-1.24426
1.17899	-1.19896
1.13073	-0.989854
1.14391	-0.87479
1.6024	-1.23202
1.51983	-1.0701
0.627443	-0.752724
0.343263	-0.144196
0.425117	0.169876
0.394438	0.395462
0.37642	0.290663
0.45697	0.216942
0.468796	-0.255245
0.430552	-0.237281
0.510526	-0.158839
0.762415	-0.279476
0.798594	-0.238652
0.964224	-0.353232
0.692865	-0.319523
2.29357	-1.80713
2.27075	-1.9197
2.10869	-1.8463
2.0904	-1.75165
2.32921	-2.05576
2.51364	-2.33681
2.05637	-1.83013
1.11754	-1.203
0.595365	-0.432886
2.04515	-1.89292
2.00459	-1.85094
1.94309	-1.98574
1.75398	-1.51731
1.62391	-1.28787
1.39467	-0.941168
1.30027	-0.865651
1.3206	-0.831542
1.56351	-1.06095
1.60772	-1.08279
1.45963	-1.26166
1.3475	-1.47332
1.55505	-1.72102
1.60299	-1.83926
1.5719	-1.76987
1.76294	-2.00683
1.42633	-1.55614
1.28771	-1.45117
1.31011	-1.40247
1.41854	-1.51432
0.72794	-0.884886
0.591977	-0.921246
0.423391	-0.907567
0.377621	-0.896857
0.37343	-0.827896
0.361746	-0.799554
0.292038	-0.816737
0.315635	-0.792089
0.269259	-0.689366
0.621692	0.077534
0.803258	0.61147
0.914981	0.520702
0.839521	0.724644
0.785709	0.218456
0.834737	0.519878
0.61786	0.329033
0.584317	0.154776
0.890563	0.606368
1.07996	0.641716
0.885198	0.479878
0.843093	0.371941
0.719688	0.201924
0.561255	-0.448033
0.548793	-1.06882
0.737469	-1.20893
1.30591	-1.7277
1.00065	-1.38666
0.889545	-1.19928
1.10606	-1.41274
1.15256	-1.33736
1.32305	-1.41023
1.45099	-1.38505
1.60651	-1.37036
1.5759	-1.30398
1.83318	-1.69232
1.85792	-1.74975
1.52245	-1.19078
1.70383	-1.5073
1.57124	-1.15991
1.53392	-1.06909
2.12088	-1.88941
2.20462	-1.85132
2.4631	-1.80461
2.18674	-1.51069
1.50259	-0.87726
1.514	-1.21755
1.56025	-1.29453
1.77144	-1.28396
1.67827	-1.27502
1.25776	-0.874196
1.10048	-0.659844
0.964316	-0.428215
0.854098	-0.259951
1.04233	-0.407148
0.945492	-0.368909
0.960734	-0.383438
0.881551	-0.122954
0.798453	-0.192216
0.859515	-0.160709
0.818487	-0.154636
1.311	-0.73377
1.08217	-0.322031
0.970197	-0.137778
1.09052	-0.246611
1.02442	-0.173352
1.12838	-0.451546
0.915123	-0.335604
1.10743	-0.259669
1.15286	-0.16312
1.0353	-0.337502
0.866002	-0.110604
0.679242	-0.00457957
0.720875	0.090639
0.83082	-0.269779
0.70726	-0.00565424
0.950829	0.0100815
0.969253	-0.0101815
0.726234	0.327396
0.649775	-0.0334857
0.930721	-0.301076
0.987888	0.0026233
0.823803	-0.404323
1.54039	-1.57576
2.36643	-2.761
1.83123	-2.09173
1.23149	-1.30495
1.09868	-1.2145
0.846629	-0.951199
0.742934	-0.832385
0.619854	-0.641216
0.529912	-0.566268
1.25335	-1.18625
0.838483	-0.942026
0.911011	-1.03328
0.972016	-0.691907
0.803017	-0.205749
0.631444	-0.538051
1.2065	-0.840785
1.21722	-0.839226
1.19418	-0.845303
1.62728	-1.2396
1.71876	-1.17324
1.20163	-0.728742
0.262869	-0.201275
0.323524	-0.254531
0.204668	0.040182
0.256595	0.26656
0.349921	0.131363
0.326945	0.304857
0.456427	0.253036
0.288888	0.0835999
0.356432	0.0356647
0.333091	-0.0701737
0.789864	-0.839727
2.59209	-2.67715
2.64332	-2.67939
2.94451	-3.15576
2.97255	-3.00431
2.12572	-1.58958
2.20155	-1.39309
1.81187	-0.777789
1.88101	-0.65714
2.34822	-1.62309
2.60707	-1.88944
2.04622	-1.25051
1.89513	-1.39886
1.80874	-1.45579
1.76226	-1.51556
2.21854	-2.23899
2.25805	-2.26464
1.925	-1.89744
1.80548	-1.7881
1.78102	-1.74304
1.88345	-1.82167
1.13356	-1.43967
0.711572	-0.604995
0.2851	-0.180421
0.244323	-0.42403
0.364545	-0.318493
0.410394	-0.436468
0.618896	-0.583359
0.829028	-1.03167
0.651428	-0.956276
0.719329	-0.958594
0.692153	-0.786042
1.09419	-1.0602
1.26729	-1.28417
1.29393	-1.42208
1.02484	-1.05854
1.01203	-0.701646
1.15952	-0.891813
1.19967	-0.940253
1.2602	-1.00545
1.35836	-1.18297
1.57668	-1.54988
1.74693	-1.84422
1.95733	-2.11308
2.45135	-2.75675
1.7188	-1.82496
1.50807	-1.72484
1.54395	-1.56145
1.05961	-0.85421
1.25386	-0.923043
1.1035	-0.943389
0.938005	-0.792142
1.60677	-1.62407
1.18238	-0.975621
0.867909	-0.416597
1.00238	-0.782918
1.095	-0.752947
1.05351	-0.646405
1.07905	-0.460602
0.607065	-0.0984896
0.511906	-0.182211
0.76092	-0.662638
1.38577	-1.45698
0.947805	-1.04525
1.29147	-1.29499
1.92705	-1.57424
1.46408	-0.874069
1.46769	-1.28028
0.66502	-0.710982
0.799914	-0.766925
0.927912	-0.751417
0.82581	-0.480345
0.927098	-0.632643
1.22913	-1.09801
1.44237	-1.26704
1.48233	-1.06199
1.42171	-1.60998
0.837177	-1.45571
0.5653	-1.26246
0.288013	-0.996694
0.280858	-1.12818
0.262462	-1.00532
0.48014	-1.08459
0.633722	-1.05323
0.872176	-1.03664
0.957265	-0.911084
0.857625	-0.56243
1.09695	-0.591319
1.22759	-0.653656
1.16507	-0.612331
0.957043	-0.38749
0.910482	-0.300351
0.851253	-0.345875
0.854204	-0.490213
0.78567	-0.62705
0.918953	-0.991713
1.12709	-1.04577
0.950231	-0.991808
0.756311	-1.03262
0.603525	-0.972977
0.417218	-1.05231
0.404455	-1.10761
0.511689	-1.20094
0.434828	-1.08637
0.600189	-1.10499
0.605177	-1.16076
0.763483	-1.26372
1.0914	-1.39352
1.53948	-1.83312
1.24758	-1.52334
1.43006	-1.55043
1.68937	-1.73121
1.57221	-1.72895
1.37059	-1.51142
1.47519	-1.60794
1.33143	-1.44598
1.69969	-1.70215
1.50052	-1.32219
1.08459	-0.849235
1.02695	-0.79344
0.943357	-0.68145
1.13686	-0.47229
1.11778	-0.404451
0.992583	-0.374904
0.779615	0.101582
0.907943	-0.21549
1.01049	-0.255436
0.982923	-0.00737085
1.0786	-0.141789
0.632191	0.170663
0.263661	-0.245341
0.641173	0.0719244
0.855033	0.30156
0.735006	0.26928
0.88943	0.349359
1.01119	0.531977
0.817772	0.422853
0.892042	0.568
0.685315	0.568452
0.590317	0.335061
0.457455	0.0867646
0.552012	-0.246375
1.22456	-1.13377
1.34097	-1.45012
1.29008	-1.40411
1.37048	-1.4797
1.5893	-1.8474
1.62851	-1.91969
2.0617	-2.33851
2.07138	-2.2912
1.97961	-2.08359
2.30473	-2.3579
1.96337	-1.77996
1.59177	-1.32928
1.58321	-1.35276
1.55034	-1.34308
1.40651	-1.21729
1.31327	-1.13345
1.71171	-1.78589
2.13933	-2.41897
2.17066	-2.50587
2.24782	-2.77232
2.21972	-2.76307
1.92065	-2.23819
1.25129	-1.14701
0.904385	-0.635346
0.948758	-0.575269
0.982156	-0.522168
1.01376	-0.589364
1.09448	-0.679406
1.24056	-0.897993
0.978679	-0.660285
0.836393	-0.598921
0.827393	-0.650347
0.857618	-0.583878
0.854689	-0.535876
0.91116	-0.61767
0.847238	-0.450387
0.774865	-0.517125
0.6543	-0.462436
0.804879	-0.618127
1.16325	-0.955167
1.21887	-0.926894
1.26146	-0.852158
1.2484	-0.794024
1.35432	-0.852177
1.26888	-0.718971
1.21931	-0.624742
1.12637	-0.438855
1.01575	-0.27627
1.00018	-0.353699
1.08933	-0.649598
1.09668	-0.798549
1.04785	-0.92953
0.879167	-0.95734
0.83683	-0.988779
0.878499	-1.1878
0.731086	-0.988409
0.573534	-1.09152
0.924084	-1.51785
0.91293	-1.36067
1.20952	-1.64769
1.60269	-1.77975
1.98224	-1.81807
1.28867	-0.765358
1.27115	-0.641352
1.19718	-0.791853
1.04089	-0.464563
1.22177	-0.625987
1.08808	-0.508315
1.18102	-0.533154
1.28686	-0.740711
1.30853	-0.600918
1.0885	-0.452781
1.12693	-0.469681
1.209	-0.396578
1.09547	-0.387564
0.925534	-0.183348
0.707138	-0.115577
0.913404	-0.077106
0.997128	-0.324474
0.903763	-0.209997
0.911691	-0.115678
1.16106	-0.106388
0.923817	-0.448596
0.79082	-0.270375
0.969913	-0.611544
1.22894	-0.813342
1.12497	-0.815589
1.39335	-0.975684
1.36147	-0.788012
0.961064	-0.202602
1.18116	-0.342809
1.21491	-0.369652
1.18225	-0.267165
0.909534	-0.174201
0.969256	-0.260629
1.07262	-0.260895
1.11585	-0.0822542
1.06895	-0.376878
1.20625	-0.383421
0.898246	-0.237478
0.85648	-0.117492
0.949791	-0.125213
1.05293	-0.133484
0.969045	-0.180233
0.959293	-0.222116
0.917958	-0.264779
0.764746	-0.215605
1.11228	-0.314161
1.08323	-0.177095
0.930266	-0.123579
0.92953	-0.227635
0.834645	0.012083
0.963399	-0.223526
1.07951	-0.357225
1.1497	-0.419824
0.946404	-0.0192112
0.941456	-0.0290995
0.862049	0.0114023
1.10772	-0.268314
0.98894	0.0439748
1.075	-0.150863
1.09083	-0.113479
1.08344	-0.33798
1.00982	-0.415785
0.938935	-0.00904655
0.828358	-0.200359
0.844243	-0.183083
0.88663	-0.110217
0.843545	-0.00851518
0.730093	-0.152244
1.57746	-1.14822
1.37175	-0.7058
1.09296	-0.364374
1.53251	-0.803835
1.8147	-1.33876
2.04331	-1.67797
1.80392	-1.3823
1.47377	-0.885606
0.933044	-0.261313
0.645412	-0.027314
0.746603	-0.0619066
0.32299	0.234897
0.658493	0.00775448
0.434476	0.168942
0.544434	-0.193449
0.829923	-0.612827
0.949993	-1.10476
0.839337	-1.14274
0.949543	-1.24077
1.21521	-1.59507
1.25521	-1.58574
1.30628	-1.75763
1.36785	-1.69711
1.79141	-2.03261
1.02989	-1.0016
1.00807	-0.807247
0.744821	-0.359166
0.560907	0.0227754
1.15137	-0.235688
0.80588	-0.34039
0.531169	-0.238986
0.79201	-0.559422
0.686537	-0.224549
1.67627	-1.10341
0.774661	-0.511875
0.855616	-0.400811
0.82285	-0.271079
0.863689	0.460501
0.72548	0.279972
0.442495	0.0878672
0.185251	0.0420357
0.846353	-0.523296
0.835656	-0.398784
1.05548	-0.539644
0.639308	0.0912686
0.651855	-0.072952
1.52095	-1.28906
1.40056	-1.15215
1.58467	-1.34154
1.29723	-0.893836
1.32647	-0.993408
1.24687	-1.01274
1.16512	-0.991337
1.01832	-0.601184
1.27565	-1.09045
1.38289	-1.03925
1.02532	-0.894539
0.791206	-0.474459
0.917041	-0.441407
0.707954	-0.934905
0.596209	-1.00975
0.99372	-0.781395
1.3731	-1.28424
1.02995	-0.823869
0.879788	-0.701409
0.702585	-0.765018
0.897262	-1.17915
1.05551	-1.25864
1.36009	-1.52392
1.50487	-1.62321
0.96116	-1.0792
0.451917	-0.765373
0.959622	-0.786055
0.739931	-0.519678
0.785171	-0.457465
0.770015	-0.396444
0.875587	-0.411182
0.737028	0.500703
0.933022	0.0440237
2.11534	-1.61703
1.74321	-1.10584
1.82874	-1.24603
1.70687	-1.13149
1.59796	-1.17252
1.58938	-1.16859
1.87305	-1.6247
2.02453	-1.68756
2.2767	-1.9453
2.44033	-2.25847
2.59263	-3.06655
2.00005	-2.45078
1.46031	-1.89426
0.873471	-1.52274
0.663741	-1.48695
0.520408	-1.3557
0.491584	-1.34481
0.396576	-1.245
0.328811	-1.20562
0.202766	-1.1456
0.173991	-1.46169
0.506305	-1.46874
0.767713	-1.70037
0.9344	-1.78137
0.974266	-1.64778
1.3142	-1.73866
1.08966	-1.01928
0.965952	-0.964075
0.870364	-0.846047
1.16756	-1.00507
1.01221	-0.782294
0.831941	-0.373665
1.0582	-0.430253
0.90785	-0.62617
0.780273	-0.185389
1.12297	-0.442374
0.805754	-0.0891137
0.985749	-0.246255
