-1.27367	-0.110589
-0.996048	-0.11391
-1.03777	-0.351693
-0.962533	-0.507662
-0.918888	-0.279618
-0.854884	-0.191423
-0.830728	-0.408697
-0.951903	-0.255734
-0.8983	-0.137283
-0.526865	-0.370688
-0.0947343	-0.250565
-0.378489	-0.021785
-0.652975	0.182088
0.193663	-0.00467454
-0.0817275	-0.058815
-0.166497	-0.169177
-0.33673	-0.166282
-0.476605	0.00242652
-0.729982	0.120872
-0.962725	0.118956
-0.81243	0.265562
-0.781779	0.269921
-0.611007	0.171872
-0.836728	0.0675324
-0.670365	0.0254754
-0.709315	0.0434374
-0.617696	0.0152932
-0.576403	0.0563881
-0.432689	0.0205075
-0.445254	0.00958892
-0.578228	0.0898911
-0.473911	0.113009
-0.501633	0.10843
-0.465184	0.143312
-0.468567	0.0345057
-0.456663	0.0583262
-0.535029	0.0897914
-0.411958	0.0747873
-0.26842	0.144765
-0.328251	0.0273507
-0.458916	-0.143928
-0.534077	-0.100219
-0.506033	-0.0442117
-0.488531	-0.100169
-0.322407	-0.148343
-0.025936	-0.0517776
0.0316684	-0.0257138
-0.110951	-0.0623652
-0.211333	-0.13416
-0.256823	-0.191604
-0.473501	-0.171555
-0.72748	0.0247326
-0.889646	-0.0950604
-0.860251	-0.144616
-0.83844	-0.185508
-0.731894	-0.308544
-0.425028	0.252452
-0.0539914	-0.0340796
-0.354807	-0.00489695
-0.446232	0.0038348
-0.318794	-0.186204
-0.274036	-0.395522
-0.00832186	-0.401377
0.0412235	-0.256601
-0.293441	0.247841
-0.261323	0.0148126
-0.112935	0.0848724
-0.216476	-0.120108
-0.540272	-0.0795382
-0.744932	-0.0843087
-0.60444	-0.134217
-0.551931	-0.0971174
-0.547534	-0.35509
-0.572489	-0.056528
-0.728794	-0.0428091
-0.586442	-0.0551239
-0.714779	0.0445757
-0.361401	0.493134
-0.528448	1.07063
-0.531027	1.08438
-0.519989	1.0591
-0.546693	1.06499
-0.574692	1.06037
-0.6544	1.13237
-0.790439	1.0492
-0.829495	0.943989
-0.955264	0.760941
-0.933789	0.43968
-0.796502	0.329667
-0.27418	0.25415
-0.162643	0.175718
-0.132163	0.142141
-0.412954	0.0917055
-0.314977	-0.0126097
-0.41392	0.0594719
-0.386383	-0.117124
-0.559777	-0.0880023
-0.59172	-0.0379243
-0.287223	-0.0728386
-0.0186223	0.0722453
-0.509505	0.422218
-0.803554	0.0520937
-0.748351	0.0462997
-0.809873	-0.0587129
-0.833455	-0.066876
-0.848583	-0.0243998
-0.701513	-0.185013
-0.806871	-0.172744
-0.564423	-0.155727
0.0547218	0.272814
-0.300313	0.213864
-0.395956	-0.147384
-0.604402	-0.235405
-0.807971	-0.316274
-0.428265	0.0391631
-0.34964	0.0629022
-0.355588	0.251114
-0.273648	0.267027
-0.520738	0.334929
-0.471157	0.350737
-0.430099	0.365161
-0.406487	0.438243
-0.407776	0.463317
-0.19304	0.375675
-0.0368491	0.305427
-0.0264253	0.157561
-0.092339	0.140717
-0.049995	0.117684
-0.0619223	0.0720943
-0.0340524	0.180608
-0.0741521	0.260096
-0.340402	0.505851
-0.603568	0.488803
-0.510864	0.518161
-0.490921	0.591512
-0.461405	0.556772
-0.479059	0.572426
-0.471218	0.563977
-0.396817	0.517933
-0.474472	0.51378
-0.508888	0.559968
-0.62256	0.320598
-0.574146	0.35387
-0.304627	0.378623
-0.334889	0.473688
-0.309708	0.481903
-0.269358	0.465345
-0.0866622	0.401167
0.00470909	0.333642
0.154393	0.279372
0.218151	0.380648
0.285818	0.328572
0.498333	0.237274
0.512416	0.455731
0.506277	0.655395
0.322695	0.687249
-0.0562103	0.574404
-0.293356	0.0451814
0.16276	-0.0831408
0.12334	-0.189976
-0.0325993	-0.747977
-0.278038	-0.295123
-0.177006	-0.0159737
-0.27575	0.323299
-0.0113896	0.247397
0.117272	0.230076
0.364654	0.193363
0.441288	0.287085
0.325664	0.362331
0.261893	0.413212
0.201402	0.235262
-0.174653	0.0898824
-0.416632	0.112461
-0.643022	0.142167
-0.629683	-0.105155
-0.749486	0.100146
-0.674322	-0.0561654
-0.699189	-0.140631
-0.800207	-0.103505
-0.718014	-0.0819875
-0.680016	-0.2779
-0.743704	-0.384306
-0.737278	-0.386655
-0.833238	-0.378962
-0.735822	-0.383352
-0.755146	-0.215711
-0.588804	-0.290597
-0.685327	-0.292053
-0.716701	-0.303914
-0.904639	-0.332826
-0.864534	-0.381634
-0.679713	-0.357265
-0.411525	0.0826872
0.0484621	0.38267
0.155439	0.395338
0.273821	0.402497
0.488928	0.468233
0.263166	0.469368
0.193137	0.643473
0.124672	0.609469
-0.0970351	0.469977
-0.412195	0.515351
-0.441177	0.231187
-0.503022	0.167578
-0.605505	0.0594155
-0.626924	-0.0777138
-0.554604	-0.2161
-0.533465	-0.243948
-0.495396	-0.314317
-0.432982	-0.222103
-0.313655	0.126406
-0.416668	0.19137
-0.358466	-0.00138363
-0.429655	0.157502
-0.610272	0.0642851
-1.08416	0.0987119
-0.941287	-0.26585
-0.615199	-0.0599611
-0.0372263	0.0331603
-0.224191	-0.272562
-0.360514	-0.207949
-0.250352	-0.20609
-0.115757	-0.163701
0.0177968	-0.0922043
-0.0437001	0.0378886
-0.397783	0.124697
-0.33765	0.181105
-0.26194	0.181848
-0.201887	0.171275
-0.274192	0.262418
-0.231708	0.228886
-0.283802	0.328117
-0.22656	0.360719
0.0200105	0.367016
0.121505	0.347699
0.197611	0.316224
0.230121	0.250819
0.334225	0.204511
0.0979038	0.374375
0.0083564	0.451337
-0.145469	0.514554
-0.354819	0.5393
-0.585521	0.678222
-0.59254	0.574809
-0.695837	0.529004
-0.692497	0.427984
-0.690905	0.331217
-0.660031	0.284072
-0.808682	0.349173
-1.01256	0.386529
-0.90428	0.352607
-0.649469	0.527583
-0.404349	0.516656
-0.447379	0.41927
-0.0505349	-0.0399166
0.0871492	0.186191
0.195152	0.142255
0.11268	0.249457
0.106634	0.341898
-0.199028	0.447073
-0.323477	0.44643
-0.528813	0.547421
-0.546728	0.386456
-0.274978	0.117395
-0.486771	0.199975
-0.532376	0.175685
-0.517141	0.172105
-0.623859	0.212909
-0.673989	0.402066
-0.618688	0.213851
-0.52114	0.129915
-0.193716	0.0901135
-0.131854	0.078274
-0.086595	0.212945
-0.141903	0.313956
-0.242375	0.355447
-0.28453	0.350348
-0.518616	0.245769
-0.509197	0.201782
-0.587877	0.0757568
-0.384793	-0.0603235
-0.315658	-0.00774746
-0.285436	0.248688
-0.286632	0.348675
-0.584846	0.46955
-1.03479	0.362161
-0.270642	0.405395
-0.29793	0.255518
-0.428768	0.366285
-0.218501	0.329308
-0.152575	0.381766
0.116523	0.163379
0.0399861	0.201977
-0.109308	0.450557
-0.110554	-0.139552
-0.162073	-0.273606
-0.487258	-0.212157
-0.452098	-0.291929
-0.467808	-0.299996
-0.527117	-0.174919
-0.685739	-0.0298549
-0.68379	0.00570962
-0.638141	0.0388297
-0.462533	0.0391568
-0.164107	0.00644275
0.0152948	-0.00683464
-0.0339261	0.200065
-0.345576	0.445357
-0.365242	0.67089
-0.399442	0.667756
-0.321649	0.509089
-0.216924	0.574783
-0.145668	0.282486
-0.053248	0.359985
-0.0789258	0.43384
-0.217407	0.410233
-0.0161947	0.504295
-0.176836	0.545681
-0.0911629	0.412405
-0.284329	0.456955
-0.380478	0.443586
-0.472655	0.225884
-0.462048	0.0832492
-0.218119	0.100728
0.00640908	0.0601974
-0.0201009	0.0667667
-0.327459	0.200407
-0.473407	0.364933
-0.630067	0.382621
-0.404824	0.140598
-0.263432	0.273048
-0.294031	0.301587
-0.471286	0.309098
-0.773027	0.0901662
-0.608333	0.234049
-0.277966	0.393535
-0.455339	0.490233
-0.642658	0.455426
-0.478597	0.300781
-0.578101	0.420856
-0.342017	0.46802
-0.654227	0.152017
-0.785247	0.0895518
-0.82682	0.0939696
-0.915597	0.0376493
-0.960383	-0.298364
-0.906876	-0.17485
-0.727944	-0.294545
-0.764126	-0.193211
-0.774215	-0.33703
-0.846954	-0.347137
-0.864381	-0.234713
-0.898911	-0.268898
-1.00801	-0.339485
-0.942515	-0.0830395
-0.805857	-0.247417
-0.806493	-0.268862
-0.881657	-0.177581
-1.02325	-0.18026
-1.20164	-0.338175
-1.43186	-0.346923
-1.10633	0.138711
-0.569182	0.281154
-0.85831	-0.0455966
-0.86448	-0.0341527
-0.744504	-0.0792366
-0.710346	0.00394941
-0.599805	-0.00143705
-0.536934	0.0134415
-0.514769	0.0227355
-0.492985	0.0363732
-0.515363	0.0998221
-0.522572	0.03622
-0.563335	0.0241692
-0.501902	-0.00827414
-0.551179	0.0199629
-0.54377	0.0307984
-0.53529	0.0851709
-0.500919	0.109547
-0.414671	0.134218
-0.529974	0.260743
-0.665406	0.404556
-0.572913	0.310344
-0.566677	0.333169
-0.556091	0.150385
-0.654154	0.221685
-0.885644	0.422424
-0.76727	0.453409
-0.648039	0.443115
-0.618727	0.459273
-0.517757	0.393877
-0.414538	0.289725
-0.349646	0.268838
-0.27501	0.19705
-0.173543	0.320852
0.119652	0.235875
0.137823	0.434365
0.179537	0.452605
0.0862659	0.157789
0.127958	0.0790875
-0.0993307	-0.0587763
-0.467423	0.0485065
-0.49995	0.081695
-0.481628	0.088588
-0.422303	0.101159
-0.400333	0.174882
-0.312654	0.241988
0.158772	0.330312
-0.0701919	0.383672
-0.253188	0.411881
-0.275162	0.224792
-0.494934	-0.0744065
-0.561285	0.0390279
-0.592406	-0.0597208
-0.831699	-0.0820111
-0.690199	-0.0364744
-0.639845	-0.0625913
-0.725575	-0.0818401
-0.629463	-0.0717333
-0.655021	-0.147393
-0.315786	0.487575
-0.429216	0.10674
-0.573793	0.00938784
-0.528891	-0.126684
-0.565182	-0.154799
-0.705761	-0.081232
-0.800298	-0.0641016
-0.710671	-0.122184
-0.73358	-0.0709849
-0.519365	-0.150483
-0.372428	-0.0760182
-0.143727	-0.074144
0.0637127	0.0865598
0.254499	0.257814
0.246726	0.437255
0.306078	0.544635
0.345454	0.511499
0.344743	0.456555
0.238316	0.4048
-0.15025	0.541951
-0.339452	0.515074
-0.46878	0.304489
-0.493253	0.260485
-0.538114	0.362726
-0.608221	0.62328
-0.768656	0.72551
-0.829659	0.900474
-0.827371	0.966755
-0.814418	0.988712
-0.705204	0.900632
-0.777266	0.885296
-0.929474	0.8321
-0.896677	0.629843
-0.74728	0.510004
-0.664761	0.508984
-0.568962	0.409394
-0.35044	0.269755
-0.068996	0.128235
0.15077	0.160154
0.351834	0.232489
0.515116	0.181654
0.413015	0.201465
0.459509	-0.0201152
0.374009	-0.17488
0.118554	-0.104634
-0.237115	0.0399736
-0.483542	0.110881
-0.526969	0.184031
-0.424574	0.318899
-0.378577	0.403123
-0.326556	0.44335
-0.268576	0.435682
-0.426976	0.500275
-0.514492	0.616551
-0.576377	0.753259
-0.35269	0.545897
-0.338245	0.847425
-0.301907	0.640389
-0.449708	0.483238
-0.511531	0.433534
-0.610463	0.198508
-0.570873	0.0274045
-0.630489	-0.000650998
-0.506061	-0.110733
-0.712764	-0.0978758
-0.666326	-0.0223779
-0.784614	-0.0201194
-0.780546	-0.288428
-1.094	-0.311805
-0.863201	-0.138652
-0.873048	-0.237579
-1.02075	-0.242827
-0.856027	-0.234492
-0.913861	-0.266405
-0.806286	-0.445059
-0.799776	-0.246998
-0.940426	-0.282677
-0.719253	-0.299112
-0.99007	-0.428763
-0.963991	-0.257457
-0.788111	-0.243405
-0.268287	0.123162
-0.211129	0.357781
-0.288584	0.36033
-0.326929	0.146591
-0.132633	-0.0294171
0.0433101	0.39521
0.0658583	0.408561
-0.0622343	0.490292
-0.119691	0.42643
-0.281886	0.463854
-0.287882	0.433789
-0.50484	0.485657
-0.742271	0.489217
-1.06417	0.300713
-0.976016	0.151997
-0.699913	0.43252
-0.649992	0.557217
-0.560052	0.62465
-0.506127	0.605117
-0.592905	0.632295
-0.49927	0.596414
-0.345449	0.534024
-1.43779	0.308662
-1.22194	0.395761
-1.06546	0.39895
-0.990157	0.237747
-0.671563	0.0963684
-0.841046	0.123908
-0.698995	0.232198
-0.604348	0.233791
-0.523541	0.142524
-0.522995	0.162389
-0.49013	0.0555607
-0.367932	-0.0315137
-0.370579	-0.0832968
-0.377556	-0.0827399
-0.398487	-0.0438896
-0.287227	-0.0684767
-0.0751361	-0.0656214
-0.180418	0.150777
-0.471574	0.32565
-0.496609	0.267134
-0.317183	0.333507
-0.383987	0.391948
-0.516642	0.442143
-0.621639	0.353416
-0.599903	0.13014
-0.558742	0.0391983
-0.533983	0.0276157
-0.424552	0.0693807
-0.2136	0.0450057
-0.191294	0.208311
0.0173522	0.0804182
-0.00275359	0.1801
-0.159893	0.250676
-0.268126	0.345815
-0.215139	0.237255
-0.419448	0.266311
-0.296315	0.469697
-0.317015	0.284869
-0.288809	0.0400133
-0.388311	0.0241819
-0.741469	0.135128
-0.757263	0.0167207
-0.619518	0.439065
-0.674122	0.141195
-0.759345	-0.0162112
-0.887853	-0.0186474
-0.746753	-0.0788161
-0.635175	0.122934
-0.465639	-0.161238
-0.78539	-0.069662
-1.22154	0.0723146
-1.13087	-0.0474113
-0.811727	0.495676
-0.922104	0.45252
-0.851987	0.339665
-0.874637	0.288554
-0.893228	0.203881
-0.839004	0.125714
-0.734566	0.00675756
-0.687233	0.0303265
-0.694543	0.230007
-0.811385	0.0685436
-0.975857	-0.408607
-1.32607	-0.772341
-0.521862	-0.0466258
-1.00299	0.080357
-1.0407	0.218327
-0.996796	0.154123
-1.02952	0.382975
-0.860703	0.354961
-0.699882	0.178533
-0.719022	0.23136
-0.713884	0.280396
-0.55483	0.380796
-0.459506	0.450923
-0.324743	0.524435
-0.248352	0.635886
-0.136582	0.792473
-0.188561	0.767975
-0.192078	0.738476
-0.241551	0.651286
-0.344138	0.565307
-0.487038	0.463488
-0.643404	0.337038
-0.646036	0.180877
-0.676221	0.123993
-0.710408	0.0536648
-0.742067	0.0207244
-0.750321	0.0350861
-0.629089	0.260672
-0.601796	0.230254
-0.551145	0.149344
-0.55724	0.195895
-0.451237	0.0728379
-0.490382	0.177849
-0.464296	0.312451
-0.363816	0.425543
-0.172009	0.454457
-0.28597	0.3561
-0.249873	0.219878
-0.492979	0.0748842
-1.12522	-0.431947
-1.07933	-0.469268
-0.872813	0.272234
-0.907041	0.21737
-0.971576	0.177315
-0.891947	0.223336
-0.744949	0.325951
-0.533175	0.436606
-0.115	0.47415
-0.131097	0.561674
0.0584627	0.486059
0.150134	0.522839
-0.00238714	0.45292
0.222617	0.373311
-0.011702	0.389729
-0.351525	0.663116
-0.360668	0.418198
-0.596014	0.315699
-0.740947	0.278765
-0.757514	0.234049
-0.825554	0.262127
-0.909332	0.3457
-0.911873	0.238838
-0.757661	0.285115
-0.737011	0.393956
-0.690109	0.47068
-0.640667	0.637095
-0.36085	0.644402
-0.284628	0.631174
-0.384568	0.597154
-0.296561	0.463883
-0.360755	-0.0303259
-0.63478	0.0368606
-0.756753	0.0378421
-0.575097	-0.00106247
-0.569314	-0.116132
-0.194897	-0.168299
-0.549935	0.0391132
-0.670824	-0.0112035
-0.709777	-0.0423638
-0.834606	0.0143544
-0.918165	0.104906
-0.817414	0.0464125
-0.70527	0.106057
-0.693452	0.115938
-0.677355	0.302095
-0.754603	0.372748
-0.501514	0.204274
-0.413578	0.28518
-0.394128	0.216379
-0.316114	0.242841
-0.41473	0.169998
-0.865879	-0.0433019
-1.30753	-0.751752
-1.10397	-0.100732
-0.652451	-0.233996
-0.78843	-0.24331
-0.87124	-0.227893
-0.877838	-0.153656
-0.799561	-0.101661
-0.690105	-0.162618
-0.560929	-0.122253
-0.347979	0.00351985
-0.094187	0.0696377
0.0497648	0.157747
0.00240958	0.0568996
0.00977881	0.175049
-0.0861673	0.229961
-0.103801	0.254789
-0.15056	0.358961
-0.124269	0.309513
-0.598751	0.402145
-0.609588	0.334813
-0.441447	0.502429
-0.0970239	0.296012
-0.173282	0.508728
-0.0768535	0.307158
-0.287475	0.393043
-0.909195	0.489739
-1.21008	0.270339
-1.10914	0.339165
-0.738644	0.516254
-0.47835	0.313523
-0.33073	0.169827
-0.281291	0.0541101
-0.486309	-0.0462013
-0.501212	0.0445537
-0.435185	0.200634
-0.454519	0.252543
-0.412473	0.483268
-0.728872	0.789861
-0.711497	0.741143
-0.648934	0.660587
-0.558701	0.574437
-0.346974	0.313122
-0.606206	0.328873
-0.580161	-0.183676
-0.793502	-0.217248
-0.893593	-0.362037
-0.936059	-0.759282
-0.687696	-0.318262
-1.03108	0.140223
-0.722598	0.64948
-0.514833	0.758354
-0.387037	0.527231
-0.249248	0.222857
-0.214725	0.397699
-0.0677957	0.406627
-0.0929292	0.712163
-0.00532798	0.39844
-0.17372	0.281185
-0.2185	0.219935
-0.123389	0.0922292
-0.184177	0.158811
-0.324665	0.0550672
-0.294425	0.162811
-0.117965	0.316769
-0.128231	0.12485
-0.310815	0.23166
-0.435949	0.201087
-0.516477	0.250121
-0.721354	-0.100444
-0.757629	-0.187045
-0.785071	-0.0195219
-0.899388	-0.185181
-0.880198	-0.172404
-0.719664	-0.100451
-0.835406	-0.121949
-0.83354	0.0297988
-0.78412	-0.169314
-0.851712	-0.272694
-0.840677	-0.21402
-0.792309	-0.377699
-0.804993	-0.305051
-0.947724	-0.335769
-0.715518	-0.352057
-0.0151401	0.146162
0.44176	0.25791
0.254124	0.37042
0.292116	0.375115
0.060787	0.469978
-0.364755	0.511074
-0.32312	0.100685
0.0564745	0.00322841
-0.0823283	0.162662
-0.0949289	0.191142
-0.69238	0.5648
-1.55663	0.416468
-1.10961	0.400975
-0.59566	0.144364
-0.732941	0.0204755
-0.62071	0.0183464
-0.620239	-0.0944104
-0.551508	-0.256322
0.0260699	0.245211
-0.309897	0.403097
-0.275778	0.281072
-0.292678	0.282068
-0.265585	0.264777
-0.2495	0.328503
0.0441214	0.505214
-0.0638836	0.544342
-0.234773	0.409355
-0.317517	0.255722
-0.709597	-0.10214
-0.502456	0.0199345
-0.505414	0.155042
-0.625044	0.191278
-0.689652	0.283516
-0.541364	0.289277
-0.346255	0.462732
-0.466845	0.600437
-0.582047	0.555364
-0.465151	0.684331
-0.573602	0.803254
-0.591361	0.860563
-0.768163	0.753627
-0.740148	0.42298
-0.588835	0.193163
-0.411795	0.0946259
-0.145576	0.108613
0.0942799	0.0849903
0.17998	0.236904
0.184836	0.271981
-0.13401	0.214507
-0.229212	0.456863
-0.263073	0.257004
-0.275633	0.25968
-0.533309	0.169195
-0.752124	-0.0408426
-0.806467	-0.128916
-0.218192	-0.0490566
-0.320056	-0.211741
-0.212831	-0.205806
-0.560307	-0.516233
-0.687394	-0.0105667
-0.707474	0.253248
-0.71694	0.473046
-0.577871	0.413969
-0.700966	0.492822
-0.578678	0.382867
-0.632602	0.364935
-0.616656	0.279531
-0.640435	0.228951
-0.609582	0.148927
-0.516488	0.128818
-0.443233	0.18847
-0.251389	0.188079
-0.167695	0.0820453
-0.204409	-0.0527794
-0.345736	-0.166226
-0.446794	-0.189039
-0.485122	-0.159693
-0.494016	-0.103839
-0.513297	-0.11033
-0.533711	-0.0422674
-0.589031	0.113683
-0.688359	0.286448
-0.540859	0.214204
-0.467804	0.105675
-0.36033	0.0885487
-0.425961	0.176195
-0.471461	0.124275
-0.557187	0.121137
-0.52292	0.0958319
-0.46987	0.0609725
-0.0446921	0.177838
0.210858	0.415943
-0.147272	0.13098
-0.382422	-0.074367
-0.509768	-0.174392
-0.583005	-0.0360651
-0.727956	-0.0386245
-0.685674	-0.175629
-0.544536	-0.457849
-0.593639	-0.471184
-0.803065	-0.277382
-0.760129	0.0403569
-0.870041	0.0681112
-0.276094	0.045282
-0.562445	0.00340864
-0.683508	-0.0262483
-0.779348	-0.238083
-0.891879	-0.188758
-0.576044	-0.256327
-0.381535	0.0916591
-0.386961	0.431998
-0.0534095	0.349551
0.162768	0.00669732
-0.0151975	0.223091
-0.211903	0.184025
-0.462958	-0.0803418
-0.616508	-0.0846436
-0.752985	-0.127647
-0.719143	-0.0528367
-0.304614	0.123627
-0.253039	0.655347
-0.781889	0.302814
-1.14059	0.112284
-0.442136	0.222674
-0.560043	0.162285
-0.403049	0.290604
-0.0648206	0.37448
0.162334	0.55074
0.325151	0.41169
0.316249	0.320088
0.158286	0.443743
0.173745	0.337517
0.190995	0.202579
0.131368	0.264751
0.0246666	0.195464
-0.0218883	0.156761
-0.0932388	0.192269
-0.0422823	0.179841
-0.146019	0.224061
-0.326651	0.305576
-0.414199	0.24904
-0.698246	0.303904
-0.619956	-0.0102566
-0.475363	-0.0699497
-0.805938	0.336993
-0.777865	0.57261
-0.799914	0.751693
-0.885052	0.835266
-0.605929	0.819355
-0.68486	0.71765
-0.491069	0.610196
-0.309586	0.261973
-0.338289	0.236677
-0.350976	0.182204
-0.322497	-0.00587536
-0.15935	-0.138319
-0.118148	-0.0330619
-0.133622	-0.0186111
-0.139379	-0.111492
-0.0708247	-0.158931
0.0170045	-0.046789
0.0102185	-0.0154998
0.0818174	-0.0735302
0.149084	-0.275995
0.0948475	-0.118163
-0.262021	-0.166381
-0.528041	-0.0787585
-0.685468	0.0220187
-0.761726	-0.0714246
-0.857329	-0.130228
-0.600625	-0.21048
-0.559247	-0.335425
-0.691701	-0.107766
-0.532565	-0.274932
-0.596345	-0.107034
-0.598878	-0.383698
-0.68387	-0.437519
-0.8238	-0.323842
-0.879697	-0.187985
-0.853207	-0.306711
-0.912655	-0.290393
-0.88286	-0.162455
-0.881261	-0.214222
-0.714394	-0.27424
-0.781281	-0.1187
-0.634575	-0.0642986
-0.969304	-0.220319
-1.11389	-0.0427904
-0.796856	-0.0283239
-0.687616	0.226891
-0.826279	0.205777
-0.838156	0.0910646
-1.1368	0.0941345
-0.932422	0.300028
-0.480533	0.775225
-0.596259	0.915003
-0.394101	0.903303
-0.533241	0.897416
-0.22614	0.640081
-0.243784	0.52339
-0.23691	0.683672
-0.244333	0.610906
-0.278236	0.563579
-0.24607	0.644887
-0.262118	0.696531
0.0741928	0.255446
0.34551	0.227973
0.226947	0.370579
0.228235	0.235919
-0.0180223	0.338901
0.239754	0.143369
-0.113375	0.0718763
-0.433267	0.0761268
-0.522245	0.113421
-0.588206	0.140481
-0.624313	0.121725
-0.720837	0.208162
-0.625969	0.204613
-0.694117	0.154877
-0.828954	0.318668
-0.982132	0.466344
-0.844663	0.609925
-0.7729	0.706546
-0.705441	0.954503
-0.523659	1.13636
-0.372231	1.12006
-0.0759123	1.01167
0.149665	0.904612
0.155796	0.939083
-0.0135407	0.644729
-0.0564331	0.524191
-0.168613	0.645904
-0.238188	0.582615
-0.0425403	0.567131
-0.110013	0.408105
-0.430425	0.342506
-0.311815	-0.108017
0.0855284	-0.032445
-0.0301387	0.187023
-0.132952	0.320684
-0.4402	0.269244
-0.445538	0.0592933
-0.570472	-0.0760245
-0.577937	-0.103468
-0.564411	-0.119047
-0.573211	-0.0808522
-0.522983	-0.00927407
-0.341691	-0.0241572
-0.200241	0.0332965
-0.526421	0.413857
-0.598767	0.536603
-0.528171	0.52496
-0.568117	0.491353
-0.52296	0.523875
-0.428635	0.58439
-0.416941	0.575825
-0.353758	0.597965
0.00722549	0.403162
-0.0341217	0.255752
-0.10177	-0.192576
-0.0130427	0.0999113
-0.00731797	0.164587
-0.186356	0.32063
-0.260924	0.085841
-0.0213214	0.307406
0.0327038	0.233034
-0.249041	0.0979433
-0.346845	0.0515295
-0.38137	-0.0103336
-0.385754	-0.0352311
-0.348617	0.0285785
-0.386026	0.110354
-0.516603	0.102472
-0.504248	0.188773
-0.488109	0.131097
-0.264888	0.0196558
-0.430268	0.21589
-0.441666	0.117368
-0.563394	0.0379455
-0.849048	0.0599316
-0.888363	0.0266791
-0.979813	0.0734031
-0.870367	0.156075
-0.71132	0.25051
-0.418228	0.238796
-0.130388	0.304011
-0.176857	0.302926
-0.292216	0.321754
-0.272083	0.138545
-0.333537	0.0770544
-0.345301	-0.0248917
-0.200003	-0.0451308
-0.148442	0.289459
-0.0705723	0.263264
-0.101339	0.362213
-0.294191	0.486644
-0.187973	0.378031
-0.308972	0.235244
-0.350198	0.0406375
-0.312191	-0.0814823
-0.30856	-0.164603
-0.345343	-0.206671
-0.483218	-0.186431
-0.55973	-0.121456
-0.483419	-0.125905
-0.515595	0.421384
-0.621237	0.601762
-0.544796	0.6197
-0.487503	0.582632
-0.39647	0.596687
-0.393382	0.587829
-0.374514	0.650697
-0.63496	0.59689
-0.530609	0.56476
-0.418376	0.485105
-0.373943	0.385107
0.249802	0.196214
0.643143	-0.0206387
0.89898	0.114149
0.746736	0.143103
0.717255	0.0220136
0.546128	-0.180099
0.409165	-0.110889
0.329382	-0.408677
0.00319622	-0.413671
-0.166158	-0.337649
-0.311213	-0.316672
-0.491694	-0.222154
-0.557144	-0.195748
-0.608535	-0.0365401
-0.461611	0.173985
-0.220583	0.167712
0.0362111	0.0391782
0.140584	0.0933194
0.107195	0.0294344
-0.115937	0.27036
0.0671811	0.405485
0.0264412	0.30435
-0.0342158	0.376794
0.0540527	0.179989
-0.699495	-0.328388
-0.893599	-0.21736
-0.527859	0.120236
-0.117746	0.0389703
-0.122872	-0.0151593
-0.166481	0.143138
-0.000246679	0.184692
-0.0206392	0.217948
0.161834	0.307465
0.435524	0.28699
0.246477	-0.220355
-0.0596619	-0.2568
-0.0776214	-0.31088
-0.259771	-0.255175
-0.334664	-0.207461
-0.420395	-0.189098
-0.465154	-0.226594
-0.537081	-0.180155
-0.606883	0.000650552
-0.638137	0.136166
-0.540544	0.136347
-0.442332	0.308912
-0.33837	0.56407
0.0076933	0.117942
-0.134237	-0.23108
-0.0953433	-0.0307023
0.0891985	0.164301
0.222576	0.12653
0.426808	0.0639859
0.244231	0.139292
0.315383	0.28796
0.0112722	0.372225
0.0331358	0.0476134
-0.114532	-0.0077836
-0.0320039	0.206826
-0.195459	0.0458238
-0.0979551	0.0893054
0.118499	0.318985
0.237876	0.275453
-0.00442132	0.422995
0.110122	0.335729
0.103379	0.241018
0.0596554	0.265497
0.109216	0.143829
-0.0915438	0.23017
-0.265919	0.338746
-0.411787	0.651516
-0.350166	0.53505
-0.438031	0.659883
-0.509769	0.614634
-0.443481	0.56689
-0.460406	0.50041
-0.471379	0.428463
-0.403194	0.336927
-0.401011	0.329972
-0.194713	0.32488
-0.608109	0.113908
-0.901203	0.217625
-0.680728	0.46185
-0.54545	0.513434
-0.460571	0.559874
-0.187878	0.405068
-0.0927804	0.12777
-0.17319	-0.0435241
-0.205502	-0.0960016
-0.184933	-0.0415591
-0.14152	0.00113618
-0.113388	-0.0105186
-0.0815501	0.0270915
-0.019105	0.0415801
0.0194574	0.116538
0.0828518	0.229059
0.266491	0.254315
0.208013	0.189008
0.0261066	0.382436
-0.173791	0.35587
-0.329748	0.361361
-0.273297	0.297118
-0.315621	0.407312
-0.260493	0.528315
-0.0241744	0.0720937
-0.00313198	0.0954353
-0.274455	0.0357046
-0.438241	-0.0468981
-0.624205	0.0608364
-0.755588	0.110755
-1.01679	0.258359
-0.80765	0.14795
-0.608267	0.0231599
-0.705298	-0.0803858
-0.856986	-0.11775
-0.833788	-0.180168
-1.00401	-0.071906
-1.12957	-0.000960964
-1.12159	-0.0317833
-0.973058	-0.070578
-0.691532	-0.20827
-0.215465	0.0813034
-0.144468	0.248468
-0.138914	0.413745
0.0404697	0.30662
0.18186	0.286244
-0.150038	0.160004
0.0584868	0.211545
0.100688	0.159276
0.0992818	0.244736
0.0734831	0.172517
-0.660867	0.105292
-0.477112	0.0188833
-0.648426	-0.00232574
-0.703311	0.118177
-0.709563	0.251207
-0.625257	0.361697
-0.550551	0.4049
-0.472589	0.540016
-0.38607	0.606119
-0.288701	0.547866
-0.327698	0.59454
-0.356177	0.607877
-0.246597	0.477025
-0.192454	0.520711
-0.0647243	0.577333
-0.0895769	0.430924
-0.043889	0.527318
-0.135903	0.494796
-0.0814895	0.331584
-0.143719	0.245213
-0.444174	0.222221
-0.712706	-0.0505429
-0.57371	-0.178127
-0.264979	-0.192152
-0.62401	0.103788
-0.571973	-0.0297893
-0.326762	-0.104385
-0.188816	-0.0663444
-0.418242	0.125249
-0.443034	0.168271
-0.361223	0.166462
-0.230932	0.0910233
0.000768575	0.0321473
-0.473431	0.38305
-0.320526	0.358141
-0.428041	0.383532
-0.350732	0.420407
-0.509065	0.438391
-0.424414	0.328437
-0.41679	0.323551
-0.27439	0.295156
-0.262001	0.401362
-0.206548	0.281831
-0.230868	0.223631
-0.264668	0.394211
-0.0464499	0.26175
0.103566	0.185242
0.408124	0.0264265
-0.659826	-0.191034
-0.696233	-0.380144
-0.832836	-0.132403
-0.678683	-0.371512
-0.906577	-0.250882
-0.997335	-0.218418
-0.781973	-0.195841
-0.646332	-0.128495
-0.336675	0.344917
-0.0155893	0.6998
0.0773799	0.770302
-0.0299151	0.901373
-0.113772	0.838395
-0.0554806	0.71583
-0.205719	0.695569
-0.273038	0.545835
-0.3032	0.519237
-0.418222	0.544038
-0.412848	0.544572
-0.418405	0.589498
-0.336608	0.559628
-0.118126	0.644069
0.0358672	0.652527
0.0495418	0.575477
0.178796	0.436088
0.185884	0.190837
-0.0036033	0.222492
-0.0464696	0.314214
0.0495963	0.62552
-0.15366	0.57422
-0.312979	0.682873
-0.458272	0.709249
-0.538317	0.720149
-0.585294	0.680589
-0.643542	0.612346
-0.618838	0.568463
-0.491199	0.446454
-0.306079	0.428488
-0.548009	0.610931
-0.55246	0.656669
-0.538281	0.586893
-0.580042	0.489988
-0.602286	0.555417
-0.529555	0.460454
-0.464841	0.485675
-0.285224	0.414707
-0.161781	0.524365
-1.12008	-0.313751
-0.887911	-0.323867
-0.665818	-0.400128
-0.646219	-0.477918
-0.606937	-0.458001
-0.47614	-0.416596
-0.246625	-0.328124
-0.13938	-0.00235453
-0.11423	0.253186
-0.120813	0.353858
-0.291235	0.468243
-0.57611	0.433257
-0.625411	0.391317
-0.43318	0.405542
-0.629577	0.155958
-0.780648	4.49377e-05
-0.775802	0.0810248
-0.837596	0.021694
-1.05681	-0.193616
-1.13091	-0.120121
-1.15042	0.152914
-1.30159	-0.110902
-0.702974	0.244818
-0.863855	0.680531
-0.709547	0.761072
-0.594565	0.759002
-0.531754	0.816315
-0.371986	0.483334
-0.12603	0.140339
-0.313436	-0.0167732
-0.254715	-0.142683
-0.273645	-0.206193
-0.247214	-0.280254
-0.233776	-0.235939
-0.103424	-0.284665
-0.0258847	-0.228279
0.121983	-0.230048
0.216904	-0.21393
0.240116	-0.197557
0.225074	-0.145028
0.0819233	0.00505048
0.00370739	0.128928
-0.173722	0.216679
-0.353821	0.268986
-0.401842	0.342512
-0.342243	0.290628
-0.27744	0.256175
-0.145125	0.146542
-0.119426	0.24386
0.00478447	0.135767
-0.185504	0.334454
-0.260995	0.413491
-0.117424	0.393111
-0.0617086	0.291285
-0.193566	0.218607
-0.279069	0.263734
-0.194937	0.16669
-0.162749	0.0487895
-0.205468	0.138308
-0.401394	0.252786
-0.543732	0.287085
-0.524368	0.203297
-0.448681	0.238839
-0.3806	0.192108
-0.339236	0.162256
-0.408179	0.207749
-0.416263	0.265302
-0.120065	0.282072
0.0395437	0.177869
-0.179222	-0.0522176
-0.334278	-0.116361
-0.275662	-0.191582
-0.361661	-0.222453
-0.624733	0.00857283
-0.298875	-0.0101862
-0.598242	-0.0757798
-0.618638	-0.234723
-0.583283	-0.0324442
-0.699924	-0.275495
-0.457301	-0.0117654
-0.117942	0.277386
-0.372029	0.0580696
-0.247039	0.00670562
-0.211905	-0.018342
-0.131724	-0.0157588
-0.0603263	0.164104
-0.00412298	0.288968
0.13286	0.162569
0.150572	0.251939
0.184586	0.231683
-0.130288	0.740809
-0.279801	0.693089
-0.61547	0.0566935
-0.635214	-0.0689413
-0.503286	-0.138554
-0.152981	-0.153564
-0.0676473	-0.316453
-0.11731	-0.157302
-0.244172	-0.43016
-0.398101	-0.365791
-0.341827	-0.0531025
-0.188015	0.0962537
-0.212672	0.0763353
-0.399442	0.0318036
-0.414812	-0.0137525
-0.400141	-0.000367488
-0.334707	0.0307804
-0.0323264	0.0119272
0.102954	0.372635
0.205084	0.220671
0.315004	0.375996
0.44087	0.471354
0.445359	0.491141
0.514707	0.428947
0.569436	0.331833
0.498183	0.379694
0.456662	0.343398
0.422869	0.335165
0.420599	0.329741
0.361503	0.283915
0.169152	0.215638
0.137036	0.271047
0.200823	0.183797
0.211254	0.141239
0.288154	0.0629971
0.0173573	0.00874691
0.00182997	0.0217948
-0.0040486	0.1112
-0.143048	0.200678
-0.255733	0.197402
-0.161927	0.323375
-0.20798	0.454748
-0.367295	0.823193
-0.462344	0.695688
-0.622943	0.927666
-0.674922	0.940683
-0.768647	0.93969
-0.551837	0.919089
-0.584536	0.945832
-0.659781	0.863732
-0.566488	0.682741
-0.694494	0.395765
-0.708824	0.403874
-0.982229	-0.165856
-0.685362	-0.193939
-0.780191	-0.277244
-0.871406	-0.51781
-0.887689	-0.450024
-1.01289	-0.184933
-0.988619	-0.294282
-0.870032	-0.289623
-0.936973	-0.365411
-1.08708	-0.189996
-1.17749	-0.157016
-1.04135	-0.125517
-0.942527	-0.375259
-0.859976	-0.471085
-0.753086	-0.189462
-0.849733	-0.364471
-0.964964	-0.313074
-0.608923	-0.0845304
-0.850134	-0.249667
-0.471186	-0.11272
-0.737927	-0.0972084
-1.0044	-0.205231
-0.917815	-0.268786
-0.90762	-0.299911
-0.886326	-0.219865
-0.740362	-0.187222
-0.18905	0.17225
0.322865	0.0500378
0.309315	-0.0664774
0.283546	0.0559901
0.168439	-0.0271128
-0.0564931	0.184755
-0.153183	-0.0115234
-0.274655	-0.135774
-0.379058	-0.172282
-0.373104	-0.127492
-0.324409	0.0317394
-0.0747968	0.0856748
-0.0507236	0.0656082
0.0238468	0.0225334
-0.115628	-0.20867
-0.251133	-0.29479
-0.248631	-0.245312
-0.26778	0.00682244
-0.375794	0.149996
-0.160831	-0.0324998
-0.516373	-0.00875057
-0.54704	-0.248721
-0.433138	-0.17965
-0.585983	-0.25366
-0.617454	-0.25014
-0.148717	0.0274858
-0.423141	-0.0235165
-0.493319	-0.0541122
-0.534004	-0.0768887
-0.519743	-0.060902
-0.490398	-0.0613387
-0.436717	-0.0295231
-0.388148	0.175661
-0.189316	0.333525
-0.0567623	0.541234
-0.0331818	0.51941
-0.273514	0.503777
-0.304113	0.579122
-0.191624	0.496017
-0.303304	0.583252
-0.326614	0.584183
-0.267738	0.596486
-0.220231	0.701617
-0.350307	0.219416
-0.393185	0.0376681
-0.462144	-0.019101
-0.47749	-0.0852888
-0.40873	-0.112949
-0.425132	-0.038764
-0.260958	0.0891135
-0.0076097	0.311509
-0.15044	0.16199
-0.168985	0.157956
-0.380322	-0.0868015
-0.568682	-0.140933
-0.763597	-0.0764364
-1.02498	0.142694
-1.0509	0.113052
-0.870687	0.398463
-0.883629	0.619342
-0.713315	0.944723
-0.482642	0.938295
-0.473199	0.938151
-0.603515	0.982159
-0.0955705	0.441793
-0.308388	0.374116
-0.405426	0.298971
-0.477712	0.120763
-0.560064	-0.0265252
-0.610814	-0.111183
-0.640155	-0.225162
-0.627233	-0.266922
-0.630197	-0.221704
-0.547661	-0.212039
-0.560416	-0.154535
-0.519845	-0.0524526
-0.520603	0.176144
-0.567647	0.442624
-0.291416	0.489079
-0.109515	0.465193
-0.323152	0.741484
-0.0301254	0.535836
-0.20287	0.636346
-0.143627	0.596447
-0.18563	0.561236
-0.192694	0.552773
-0.302828	0.563199
-0.462653	0.518205
-0.505325	0.290563
-0.616171	0.235747
-0.6683	0.242835
-0.597849	0.181959
-0.554384	0.184923
-0.464636	0.112476
-0.253039	0.0952785
-0.0980352	0.46937
-0.0875974	0.26099
-0.14094	0.14756
-0.103313	-0.00933371
-0.147985	-0.29317
-0.443414	-0.127592
-0.475262	-0.339352
-0.429848	-0.401206
-0.542347	-0.0573451
-0.657597	-0.110191
-0.546756	-0.17403
-0.562031	0.0177194
-0.390594	-0.038965
-0.391765	-0.235874
0.05558	0.0988073
-0.0213843	0.438625
-0.0540306	0.402337
-0.0247636	0.433141
0.201266	0.431922
0.297746	0.362139
0.341215	0.423744
0.0356296	0.578266
0.177888	0.297935
0.0478058	0.17452
-0.18176	0.176145
-0.158015	-0.108962
-0.337288	-0.120336
0.0804902	0.178967
-0.023815	0.0962016
-0.151575	0.128305
-0.0997331	0.110062
-0.256614	0.349818
-0.398549	0.411448
-0.433331	0.31647
-0.493087	0.218468
-0.619264	0.151238
-0.510318	0.132585
-0.466564	0.197698
-0.483272	0.399513
-0.477577	0.224598
-0.473324	0.242181
-0.467123	0.144769
-0.70634	0.349779
-0.823043	0.383314
-0.784396	0.453599
-0.727686	0.42713
-0.639467	0.444339
-0.590867	0.506086
-0.529148	0.543675
-0.427878	0.358947
-0.427106	0.420208
-0.51475	0.263074
-0.674009	0.229884
-0.394922	0.0981923
-0.31139	0.151197
-0.158552	0.185787
-0.0430805	0.245174
-0.0564731	0.197749
0.186882	0.223149
0.17534	0.29059
0.363175	0.190472
0.221372	0.255855
0.226434	0.0525433
0.00753533	-0.182848
-0.330215	-0.160454
-0.527984	-0.303911
-0.530148	-0.257704
-0.469388	-0.181131
-0.494798	-0.0773223
-0.456946	-0.0732258
-0.508692	-0.0189444
-0.472148	0.0082144
-0.539107	0.126595
-0.666019	0.23079
-0.811873	0.316957
-0.742322	0.377591
-0.790862	0.259863
-0.76797	0.14026
-0.845065	0.291454
-0.814329	0.14113
-0.24295	0.0525521
-0.201838	0.24078
-0.116532	0.20155
-0.621226	-0.169664
-0.720821	-0.0513124
-0.891554	-0.150817
-0.794316	0.00179897
-0.696821	-0.122577
-0.792974	-0.212856
-0.804884	-0.332681
-0.784507	-0.210374
-0.896602	-0.0751672
-0.939865	-0.183133
-0.89663	-0.375905
-0.419638	-0.128239
-0.739327	-0.337964
-0.833384	-0.303648
-0.910686	-0.38014
-0.917212	-0.176524
-0.801649	-0.331604
-0.888766	-0.26969
-0.852458	-0.17034
-0.577451	-0.174621
-0.520631	-0.120102
-0.190945	0.0605264
-0.404662	-0.0313757
-0.477618	-0.0411867
-0.465302	-0.0683086
-0.429226	-0.0345515
-0.452293	0.0241101
-0.346356	0.0877251
-0.353279	0.413432
-0.494972	0.339035
-0.544883	0.397639
-0.521748	0.213781
-0.532275	0.0712009
-0.625455	0.049851
-0.674037	0.0433676
-0.703555	0.0476437
-0.673742	0.0760207
-0.690631	0.103244
-0.650525	0.171821
-0.611602	0.223031
-0.563357	0.22871
-0.607485	0.325865
-0.650957	0.404207
-0.653586	0.642059
-0.518899	0.72387
-0.464269	1.01106
-0.344367	0.942849
-0.310854	0.967764
-0.286376	0.875972
-0.317411	0.805783
-0.403959	0.680594
-0.547269	0.583539
-0.569259	0.280513
-0.759932	0.158692
-0.813559	0.00763412
-0.869602	-0.0404286
-0.900121	0.0180376
-0.817085	0.0244713
-0.55904	-0.167819
-0.23117	-0.346819
0.103764	-0.439883
-0.215534	0.0268305
-0.649759	0.0945811
-0.834993	-0.0461993
-0.777553	-0.155471
-0.865864	-0.0711031
-0.893459	-0.202259
-1.19104	-0.074517
-0.914419	-0.335067
-0.694508	-0.532498
-0.78466	-0.188751
-0.578714	-0.174527
-0.85962	-0.223081
-0.350074	-0.731283
-0.174963	-0.614596
0.217912	-0.133129
-0.101845	0.0529254
0.0544769	0.0210942
0.000770448	0.0866423
-0.337725	0.133305
-0.511876	0.246235
-0.511722	0.304156
-0.570207	0.310694
-0.579203	0.48378
-0.41564	0.528225
-0.142419	0.53153
-0.525756	0.393284
-0.788055	0.316947
-0.458878	0.111759
-0.160032	-0.0209271
-0.296094	-0.00837591
-0.181176	-0.147971
-0.262649	-0.201697
-0.390782	0.0563426
-0.585787	-0.037594
-0.538319	-0.109209
-0.378862	0.421651
-0.447198	0.692962
-0.577229	0.82899
-0.518879	0.859424
-0.506247	0.85967
-0.520982	0.930371
-0.566807	0.946515
-0.514259	1.05922
-0.469619	1.00863
-0.408264	0.875041
-0.431007	0.993814
-0.516219	1.03862
-0.522007	0.892609
-0.695002	0.640435
-0.547873	0.256423
-0.169182	0.191442
0.0364491	0.502245
0.0295925	0.488706
-0.118156	0.483618
-0.334283	0.331771
-0.526975	0.37732
-0.445296	0.19892
-0.33533	0.0189883
-0.116792	0.118175
0.43954	0.238913
0.242553	0.434129
0.013897	0.470192
-0.18901	0.461059
-0.265972	0.455895
-0.725145	0.26212
-1.03451	0.215639
-0.900287	0.0945086
-0.677374	0.0787533
-0.544133	-0.0208842
-0.294277	-0.244426
-0.333999	-0.0968939
-0.341033	-0.252506
-0.284573	-0.354746
-0.645387	0.0943807
-0.404947	0.673473
-0.421841	0.722454
-0.564374	0.808814
-0.660191	0.812739
-0.578404	0.685432
-0.496328	0.449499
-0.249903	0.253921
-0.0174817	0.526571
-0.427022	0.447619
-0.447351	0.261579
-0.584186	0.111001
-0.65603	0.0383047
-0.659885	-0.017225
-0.964887	0.0774049
-1.24864	-0.0519116
-0.52463	0.336207
-0.427915	0.331503
-0.456614	0.521152
-0.382804	0.537519
-0.177047	0.685051
-0.313807	0.832051
-0.187938	0.570347
-0.044017	0.251675
-0.00994182	0.0780861
-0.173023	0.0410037
-0.272788	0.180273
-0.105283	0.042722
-0.189693	0.117115
-0.0226619	0.120744
-0.148223	0.28934
-0.211571	0.278113
-0.771399	-0.255049
-0.771219	-0.367788
-0.845128	-0.383948
-0.790319	-0.342836
-0.771152	-0.359566
-0.88185	-0.429043
-0.825716	-0.58062
-0.42758	-0.38194
0.265982	0.0923609
0.384947	0.261376
0.501068	0.23408
0.492131	0.224279
0.398687	0.391318
0.0972468	0.370735
0.162716	0.388955
-0.129388	0.516898
-0.472464	0.594099
-0.471682	0.548367
-0.422795	0.528485
-0.471961	0.490192
-0.422088	0.549537
-0.34118	0.56427
-0.265878	0.409218
-0.122841	0.495772
-0.0825213	0.50456
-0.158213	0.296634
-0.257351	0.18528
-0.380134	0.0142488
-0.373223	-0.11786
-0.354447	-0.00754797
-0.474559	-0.0382289
-0.1898	0.0256176
-0.256208	0.00156071
-0.365513	-0.132029
-0.476468	-0.198121
-0.447967	-0.262646
-0.467054	-0.269662
-0.516807	-0.258167
-0.549369	-0.221385
-0.646086	-0.0998283
-0.749932	0.149854
-0.718441	0.178381
-0.77663	0.346778
-0.949295	0.180376
-0.967571	0.2513
-0.930209	0.106787
-0.658029	-0.0211314
-0.417733	0.118455
-0.638763	0.100364
-0.702295	0.213021
-0.370309	0.416183
-0.527205	0.229149
-0.521328	0.26618
-0.529285	0.223885
-0.578008	0.313151
-0.570695	0.396679
-0.513211	0.23422
-0.538568	0.172239
-0.476721	0.155036
-0.266177	0.0063436
-0.459212	0.0503697
-0.603848	0.0128792
-0.68132	-0.0386496
-0.674919	0.0298405
-0.706197	0.176493
-0.777873	0.304249
-0.765258	0.379458
-0.662202	0.383515
-0.554434	0.530398
-0.388271	0.613153
-0.362585	0.782469
-0.254318	0.908834
-0.272219	0.832912
-0.303974	1.01436
-0.297179	0.967167
-0.395102	1.13384
-0.435484	1.01168
-0.497208	0.908191
-0.530253	0.769966
-0.65958	0.599983
-0.735621	0.35787
-0.646015	-0.0157418
-0.624361	-0.288889
-0.440037	-0.302245
-0.464586	-0.0994804
-0.498446	0.271703
-0.556709	0.443886
-0.56411	0.463999
-0.554885	0.445882
-0.59019	0.291055
-0.297269	0.346068
-0.535957	0.196478
-0.481183	0.169981
-0.625488	-0.0499511
-0.797498	-0.0618698
-0.913251	-0.0874596
-0.759404	-0.135449
-0.73514	-0.255084
-0.714826	0.113904
-0.755971	0.0469822
-0.447171	0.0209393
0.0981043	0.329915
0.0612685	0.404339
-0.218533	0.408779
-0.439349	0.290418
-0.637734	0.0723667
-0.583987	0.162502
-0.460403	0.299297
-0.58141	0.362882
-0.617725	0.56327
-0.559838	0.530593
-0.407894	0.509842
-0.287049	0.407555
-1.14843	0.580048
-0.87517	0.260254
0.0091981	0.463618
0.000812195	0.265645
0.379618	0.12312
0.254099	0.111561
0.183452	0.186287
0.00103669	0.163423
-0.0609462	0.114899
-0.12632	0.154506
-0.128133	0.124119
-0.0356273	0.103358
-0.0114896	0.0895548
-0.10742	0.344532
-0.46431	0.536369
-0.497283	0.488581
-0.681889	0.375732
-0.605558	0.0711539
-0.49044	0.075683
-0.44707	0.297506
-0.390488	0.2554
-0.306497	0.171027
-0.276939	0.145794
-0.167254	0.090188
-0.211586	0.18785
0.0726259	0.109667
0.060079	-0.0894493
0.0698427	-0.216354
-0.0728505	-0.20327
-0.182692	-0.187362
-0.110092	-0.253866
-0.279013	-0.189849
-0.246627	-0.292247
-0.329588	-0.267689
-0.209686	-0.314339
-0.168681	-0.476611
-0.499075	-0.14612
-0.668046	0.349004
-0.549919	0.163811
-0.721803	0.279893
-0.631023	0.369136
-0.689907	0.395503
-0.683806	0.130465
-1.18756	0.144665
-1.03866	0.259747
-0.960761	0.263233
-0.984113	0.197332
-0.87069	0.00104854
-0.877133	-0.30367
-0.649671	-0.527072
-0.700565	-0.314146
-0.84312	-0.23624
-0.873516	-0.409824
-0.965784	-0.179276
-0.724097	-0.355728
-0.806378	-0.2656
-0.699979	-0.246569
-0.266887	0.194867
0.215669	0.755417
0.0715207	0.956281
-0.0550896	1.23443
-0.225262	1.14657
-0.256811	1.06504
-0.336626	1.00557
-0.390788	0.828525
-0.401202	0.63106
-0.482537	0.488563
-0.525235	0.40683
-0.50416	0.341052
-0.491043	0.35968
-0.396581	0.485851
-0.397712	0.728402
-0.197587	0.657743
0.160205	0.74635
0.159275	0.70271
0.178532	0.635862
0.241576	0.477457
0.168233	0.443335
0.0710631	0.442117
0.131431	0.388781
-0.367414	0.788449
-0.350237	0.687838
-0.453522	0.634875
-0.483404	0.590742
-0.580148	0.647406
-0.658493	0.688659
-0.621877	0.669361
-0.593909	0.664073
-0.4433	0.460565
-0.654606	0.563185
-0.792139	0.687261
-0.844078	0.662932
-0.828285	0.651962
-0.679745	0.5732
-0.667986	0.400153
-0.534307	0.423682
-0.325517	0.424743
-0.203682	0.45342
0.05859	0.493769
-0.319447	0.422016
-0.916352	-0.435694
-1.0389	-0.588504
-0.450821	-0.3515
-0.589346	-0.397829
-0.488267	-0.528288
-0.390395	-0.541631
-0.149082	-0.566173
-0.033871	-0.559502
0.153345	-0.419751
0.281897	-0.362836
0.467911	-0.317224
0.532432	-0.164009
0.421498	0.00546764
0.461144	0.0971723
0.181896	0.292725
-0.258895	0.193348
-0.552699	-0.102638
-0.880346	-0.128913
-0.71756	-0.317841
-0.723595	-0.145017
-0.857276	-0.169705
-0.803416	-0.355466
-0.756568	-0.186921
-0.769884	-0.315069
-0.360501	0.0428183
-0.137105	0.0673186
-0.209952	-0.145739
-0.22723	-0.15348
-0.242283	-0.134984
-0.243202	-0.146808
-0.285511	-0.103163
-0.312683	-0.0354632
-0.290526	0.0321913
-0.168982	0.0173976
-0.0026938	-0.0204942
0.00193465	0.0989198
-0.208385	0.262107
-0.377073	0.184088
-0.368597	0.214249
-0.38298	0.116314
-0.586473	0.234419
-0.36959	0.21664
-0.0159757	0.263224
-0.079302	0.252699
-0.163601	0.282699
-0.104969	0.266842
-0.198816	0.452915
-0.409866	0.551088
-0.391441	0.522002
-0.553118	0.58531
-0.45923	0.396077
-0.466439	0.181541
-0.479089	0.140425
-0.33668	0.322118
0.165696	0.719135
0.244165	0.547663
0.301911	0.639898
0.232289	0.641428
0.269606	0.655904
0.288434	0.662765
0.106647	0.567235
-0.0103393	0.458194
-0.00950579	0.330533
0.086118	0.0636356
0.31605	0.0226694
0.248513	0.181798
0.141452	0.245585
-0.0484602	0.136049
0.170766	0.0671004
0.0253249	0.0351019
-0.190906	-0.0528678
-0.165222	-0.127664
-0.284349	-0.0788235
-0.237779	-0.0489875
-0.186498	-0.0328523
-0.422658	0.176347
-0.241187	0.085067
-0.367858	0.210239
-0.278934	0.120994
-0.250556	0.108399
-0.352086	0.119489
-0.312544	0.225303
-0.374672	0.307624
-0.253676	0.0535666
-0.132506	0.143176
-0.492587	-0.227212
-0.582847	0.0361931
-0.461403	0.213646
-0.343391	0.202077
-0.35643	0.2309
-0.273285	-0.0552419
-0.291094	-0.185393
-0.219698	-0.333606
-0.178448	-0.312801
-0.22756	-0.288727
-0.168906	-0.362976
-0.172527	-0.310591
-0.172253	-0.228598
-0.2048	-0.271434
-0.23086	-0.224357
-0.128647	-0.120424
0.0076119	-0.0303443
-0.0871501	0.067195
-0.121128	0.223973
-0.0265793	0.0858767
-0.152757	0.0492996
-0.168554	0.0467615
-0.119733	0.161175
-0.319642	0.204655
-0.319915	0.155391
-0.345323	0.254068
-0.125705	0.110288
-0.314173	0.110025
-0.149055	0.194611
-0.18312	0.0401005
-0.413814	0.0266449
-0.421053	-0.0176277
-0.508763	-0.211989
-0.702246	0.0490318
-0.528153	0.0471427
-0.740588	-0.0095156
-0.730119	-0.116843
-0.658137	-0.0385639
-0.969072	-0.149035
-0.949088	-0.128042
-0.976181	-0.163741
-1.06369	-0.269727
-0.977787	-0.234749
-0.760416	-0.300748
-0.938757	-0.291079
-0.808862	-0.345642
-0.98896	-0.238712
-0.844425	-0.468256
-0.802172	-0.0956242
0.00346652	0.277498
0.253796	0.480228
0.485499	0.351478
0.166698	0.407231
0.208358	0.363843
0.0412149	0.495388
-0.173606	0.400634
-0.460841	0.186466
-0.591679	0.179555
-0.909482	0.26659
-0.967371	0.272752
-0.964057	0.209656
-0.544621	-0.0278718
-0.47666	-0.267055
-0.50772	-0.263114
-0.548334	-0.240258
-0.580862	-0.163765
-0.46426	-0.165376
-0.437214	-0.171122
-0.394126	-0.137857
-0.287271	-0.0653237
-0.155391	-0.0178311
0.184517	0.18349
-0.141858	0.341599
-0.19238	0.459126
-0.123465	0.315277
-0.283705	0.262142
-0.183836	0.282061
-0.195969	0.29831
-0.173439	0.409902
-0.33	0.360881
-0.327913	0.324685
-0.421231	0.362102
-0.46756	0.419342
-0.44479	0.439873
-0.438847	0.469752
-0.279446	0.34645
-0.291728	0.237641
-0.348322	0.196027
-0.300623	0.165608
-0.319359	0.199848
-0.251869	0.202807
-0.276666	0.285868
-0.242638	0.289353
-0.154274	0.276851
-0.101058	0.191976
-0.122924	0.22464
-0.180164	0.212805
-0.244874	0.161766
-0.333372	0.139926
-0.450665	0.0314709
-0.542783	0.0512092
-0.563599	0.100597
-0.602969	0.185076
-0.674921	0.338758
-0.649748	0.375275
-0.721781	0.474091
-0.820428	0.382748
-0.801079	0.114299
-0.393579	-0.235272
-0.0558068	-0.166814
0.0806186	0.216731
0.193142	0.178259
0.233186	0.230873
0.389016	0.0869644
0.367684	0.179798
0.446263	-0.00840921
0.424177	-0.113885
0.318864	-0.150445
0.169012	-0.0352947
0.241531	-0.2169
0.168812	-0.16287
0.15954	-0.027016
0.15016	0.142185
-0.105487	0.318537
-0.259441	-0.0687286
-0.313955	-0.00842255
-0.308951	0.118576
-0.0741531	0.132506
-0.0427941	0.230867
-0.0237114	0.338294
0.113147	0.341402
0.216339	0.239881
0.155032	0.25453
0.0576767	0.300287
-0.0288803	0.294404
-0.11117	0.22153
-0.252533	0.164456
-0.339464	0.0735088
-0.521394	0.0626161
-0.615839	0.063177
-0.722061	0.246507
-0.864661	0.416196
-0.598489	0.108248
-0.668469	0.395491
-0.67431	0.545627
-0.562847	0.626928
-0.446834	0.801238
-0.447225	0.89981
-0.386101	0.974237
-0.41581	0.725014
-0.294034	0.664103
-0.342327	0.710545
-0.283661	0.525716
-0.209034	0.453905
-0.425726	0.555055
-0.539063	0.474611
-0.471623	0.339158
-0.275765	0.231496
-0.31776	0.181678
-0.214015	0.102579
-0.0193588	0.0160808
0.157568	0.0210886
-0.136146	0.103013
-0.648016	0.320496
-0.696472	0.459675
-0.688911	0.467306
-0.466636	0.289632
-0.45856	0.237148
-0.490806	0.0653725
-0.605222	-0.0217326
-0.733321	0.504416
-0.560575	1.01187
-0.523129	1.08189
-0.458434	0.995953
-0.608062	0.904943
-0.676522	0.632666
-0.643113	0.396703
-0.531784	0.344923
-0.572247	0.313636
-0.5707	0.230976
-0.57654	0.212373
-0.560152	0.121066
-0.64577	0.112815
-0.644368	0.0450357
-0.678263	0.0640152
-0.722777	0.0587893
-0.621394	0.0658694
-0.455369	0.0768051
-0.206966	0.1799
-0.257199	0.210606
-0.170626	0.161542
-0.152916	0.240429
-0.0946436	0.245475
-0.331504	0.378565
-0.266334	0.168492
-0.193014	-0.0910513
-0.127613	-0.0681264
-0.604826	0.182931
-0.931165	0.149394
-0.247245	0.162905
0.160868	0.0839774
0.24125	0.238796
0.153674	0.392846
0.0011643	0.391847
-0.110547	0.536603
-0.0600617	0.35737
-0.113654	0.291337
-0.372227	-0.00277433
-0.139957	0.0223311
0.125898	-0.0934471
0.0811554	-0.0331814
-0.0298064	0.0361675
0.19388	0.0298558
0.109904	0.0929059
-0.0955542	0.0868009
-0.174909	0.395374
0.108975	0.567028
0.10334	0.514603
0.0595395	0.469565
0.0407908	0.350686
0.0197737	0.592659
-0.316496	0.594694
-0.33309	0.401958
-0.381498	0.354004
-0.403913	0.286603
-0.461707	0.215356
-0.49966	0.184719
-0.403294	0.208576
-0.500812	0.362874
-0.524586	0.571356
-0.487262	0.758911
-0.515326	0.887854
-0.478621	0.913365
-0.445774	0.925644
-0.224293	0.78357
-0.127779	0.611876
-0.14969	0.215691
-0.250922	0.258968
-0.0911284	0.442675
-0.116837	0.40801
-0.18762	0.552624
-0.0733065	0.808139
0.107234	0.454431
-0.0915756	0.377589
-0.0843138	0.350404
-0.0993572	0.297769
-0.0565311	0.34879
-0.311887	-0.0170907
-0.495646	-0.096017
-0.562021	-0.0905827
-0.574961	-0.160578
-0.589562	-0.126774
-0.410937	-0.32319
-0.313981	-0.234676
-0.283685	-0.111942
-0.2926	0.199602
-0.338699	-0.00971673
-0.142078	-0.600008
-0.137591	-0.554251
0.507343	-0.0730313
0.378562	0.113059
0.371946	0.0514921
0.384683	0.0612028
0.417008	0.116817
0.341369	0.00949592
0.385819	-0.0759731
0.234693	-0.0174373
-0.249729	0.278111
-0.313561	0.456823
-0.406375	0.513858
-0.503674	0.494155
-0.365778	0.373521
-0.3941	0.277213
-0.341932	0.438137
-0.0737923	0.443787
-0.179331	0.150256
-0.67075	0.0343792
-0.77632	-0.884708
-0.883191	-0.56855
-0.545869	-0.0621706
-0.982091	0.258847
-0.763538	0.161558
-0.585468	0.124594
-0.425592	0.118797
-0.307468	0.20059
-0.151636	0.238862
-0.044087	0.207847
-0.0898962	0.33352
-0.0684673	0.191998
-0.143101	0.17468
-0.220301	0.21862
-0.210791	0.0967879
-0.0975162	0.0435911
-0.11871	0.128141
-0.0329222	0.157445
0.0370266	0.208012
-0.0127816	0.3226
-0.0110145	0.422472
-0.0408335	0.386097
-0.113119	0.484335
-0.127745	0.555542
-0.418848	0.661881
-0.479028	0.595853
-0.454657	0.564633
-0.269237	0.620423
-0.554005	0.399219
-0.626407	0.260984
-0.34008	0.0266689
-0.316187	-0.220521
-0.250673	-0.185419
-0.367209	0.0869906
-0.182112	0.0747457
-0.155964	-0.115514
-0.463826	-0.218693
-0.392011	-0.22242
-0.192756	-0.13061
-0.389134	-0.282629
-0.147511	-0.237689
-0.420724	-0.197317
-0.542055	-0.315343
-0.6635	-0.408305
-0.668223	-0.266633
-0.585599	-0.268583
-0.654561	-0.412361
-0.774475	-0.189211
-0.697878	-0.243823
-0.690075	-0.470098
-0.782459	-0.324512
-0.748899	-0.266597
-0.566894	-0.308337
-0.665639	-0.320263
-0.782444	-0.248217
-0.85562	-0.243053
-0.849411	-0.352373
-0.68105	-0.287518
-0.635577	-0.338921
-0.683745	-0.325098
-0.666877	-0.262549
-0.855103	-0.199426
-0.737977	-0.278765
-0.692228	-0.154532
-0.871117	-0.204873
-0.731724	-0.303483
-0.883064	-0.317755
-0.978102	-0.268853
-0.733292	-0.326714
-0.276582	0.381794
-0.337242	0.0696139
-0.329986	-0.0347625
-0.448437	0.227942
-0.386704	0.0887229
-0.0821658	0.132737
-0.565428	-0.0721735
-0.502863	-0.253772
-0.338054	-0.0903682
-0.137742	-0.340219
-0.238988	-0.198342
-0.154328	-0.218996
-0.18035	0.00892467
-0.238333	0.0268779
-0.531332	0.0205629
-0.549536	0.0161955
-0.585007	0.0616468
-0.679818	0.106077
-0.715922	0.0853759
-0.530957	-0.0318499
-0.35448	0.167677
-0.530915	-0.0601832
-0.567167	-0.0162967
-0.431043	-0.171951
-0.477387	-0.322818
-0.597088	-0.305594
-0.680862	-0.363491
-0.799221	-0.312188
-0.853638	-0.294047
-0.789542	-0.2158
-0.718907	-0.268577
-0.874875	-0.282772
-0.965429	-0.167827
-0.741417	-0.272977
-0.76782	-0.20022
-0.95399	-0.49111
-0.819988	-0.267038
-0.75279	-0.450284
-0.915804	-0.208945
-0.870276	-0.403866
-0.854892	-0.292912
-0.737948	-0.057235
-0.670121	0.186758
-0.525059	0.143232
-0.576941	0.260472
-0.757737	0.354681
-0.868251	0.354034
-0.781693	0.326071
-0.767509	0.218192
-0.794685	0.21988
-0.682919	0.0911609
-0.609371	0.0542465
-0.498025	-0.00877134
-0.37745	0.0457944
-0.33745	0.0080599
-0.26606	-0.0792803
-0.206892	-0.208917
-0.0908398	-0.202415
-0.120777	-0.187391
-0.236789	-0.0819723
-0.331784	0.0565877
-0.362452	0.216739
-0.699584	0.434204
-0.883859	0.430209
-0.694137	0.385859
-0.851891	0.0580051
-1.04492	0.28184
-1.03151	0.228152
-0.869783	0.109117
-0.740868	0.456492
-0.699325	0.0513638
-0.638224	0.041117
-1.00626	0.0737083
-0.734266	0.384692
-0.921357	0.629211
-0.936964	0.650985
-0.845681	0.509332
-0.770148	0.491151
-0.678199	0.520814
-0.506462	0.131288
-0.426411	-0.140842
-0.585708	-0.0536565
-0.618073	0.00546038
-0.521073	0.303021
-0.499361	0.458606
-0.52163	0.515282
-0.437291	0.617655
-0.596511	0.559804
-0.403788	0.583412
-0.70911	0.843517
-0.605098	0.415494
-0.703044	0.0959328
-0.805018	-0.153245
-0.635181	-0.072539
-0.726419	-0.283712
-0.607798	-0.0654366
-0.616389	0.084926
-0.661525	-0.112488
-0.757117	-0.172825
-0.590852	0.191022
-0.236593	-0.255785
-0.266449	-0.271662
-0.285313	0.0616788
-0.084338	0.0954414
-0.149003	-0.0499062
-0.125802	-0.156056
-0.0896433	-0.204927
-0.0745698	-0.0662752
-0.268851	0.0699256
-0.160405	0.0782701
-0.111079	-0.0706861
-0.359126	-0.0644413
-0.271854	0.0678495
-0.213629	-0.0739391
-0.145311	-0.125592
-0.134286	-0.0211882
-0.0656006	0.0350944
-0.286154	-0.2165
-0.167803	-0.221108
-0.27791	0.19549
-0.316886	0.0530893
-0.449287	0.0755769
-0.688218	0.0720588
-0.417269	-0.0891939
-0.732193	-0.256425
-0.748379	-0.12468
-0.649052	-0.135837
-0.724547	-0.289847
-0.775898	-0.301759
-1.01318	-0.316699
-0.875664	-0.287018
-0.751102	-0.342145
-0.86207	-0.401382
-0.876463	-0.401564
-0.884901	-0.385915
-0.89666	-0.379398
-0.711388	-0.404938
-0.763899	-0.31692
-0.804469	-0.212535
-0.691508	-0.394399
-0.790713	-0.369688
-0.882547	-0.341166
-0.800413	-0.250498
-0.956603	-0.119972
-0.662844	-0.224071
-0.393906	0.614353
-0.523499	0.995762
-0.542784	1.11897
-0.41425	0.785848
-0.294027	0.713226
-0.38239	0.665406
-0.646341	0.642537
-0.737378	0.549941
-0.620154	0.260938
-0.611157	0.0664258
-0.59405	-0.0545557
-0.671576	0.0646211
-0.611033	-0.0837357
-0.881016	-0.0935361
-0.811255	-0.0101017
-0.663775	0.315456
-0.437977	0.207026
-0.544938	0.549165
-0.518712	0.363732
-0.629673	0.347974
-0.512202	0.385287
-0.426339	0.244133
-0.432423	0.0464844
-0.363802	-0.342637
-0.426886	-0.373645
-0.380585	-0.376237
-0.354395	-0.359358
-0.282878	-0.299176
-0.122404	-0.3017
-0.0773263	-0.265285
-0.126742	-0.0659607
-0.400239	0.331804
-0.574305	0.464971
-0.557221	0.560541
-0.611503	0.650535
-0.648069	0.795057
-0.688584	0.591282
-0.601654	0.570399
-0.262302	0.0787248
-0.288067	0.00233086
-0.318861	0.00729145
-0.313245	-0.0439991
-0.316015	-0.0387661
-0.299774	0.00704438
-0.250797	-0.0162176
-0.218696	0.142038
0.203252	0.128031
0.349532	0.112988
0.196804	0.249281
0.185113	0.324683
-0.0355484	0.295732
-0.327251	0.269418
-0.306017	0.289869
-0.444076	0.355686
-0.455509	0.244862
-0.681318	0.371884
-0.765374	0.416834
-0.682609	0.464557
-0.40132	0.354093
-0.293602	0.269578
-0.168226	0.272091
0.0425855	0.337474
-0.00340552	0.281393
-0.0443878	0.301701
0.0197462	0.312692
0.0447798	0.40962
0.0394113	0.324431
-0.0242449	0.373658
-0.324329	0.791777
-0.372419	0.447961
-0.521306	0.363137
-0.575365	0.282074
-0.552691	0.128198
-0.558415	0.0836202
-0.580552	0.0351539
-0.709522	0.139526
-0.778348	0.185637
-0.90431	0.274865
-0.98925	0.350634
-1.06848	0.388737
-1.13242	0.467004
-1.09912	0.505597
-0.428252	0.375683
-0.383022	0.246678
-0.407156	-0.00869848
-0.333176	-0.0134218
-0.225518	0.173432
-0.179406	0.0432452
-0.0094259	-0.0637073
-0.293425	0.111998
-0.488251	0.0414699
-0.642053	0.017987
-0.879164	0.0429479
-1.01519	0.0994463
-0.799438	-0.0755637
-0.410381	-0.0394828
-0.344435	-0.0663996
-0.579525	-0.158026
-1.04222	-0.396816
-1.10165	-0.557089
-0.704045	-0.0809341
-0.896716	-0.150832
-0.771895	-0.153842
-0.751078	-0.0748142
-0.609324	-0.030288
-0.440292	0.18758
-0.432641	0.352014
-0.38144	0.232462
-0.340037	0.107067
-0.203488	0.150877
-0.0330021	0.115173
0.0867987	0.219005
0.0706766	0.15945
0.0117681	0.00914813
0.102846	-0.170245
0.0806665	-0.215373
0.178424	-0.296846
0.147236	-0.282524
0.29599	-0.334977
0.447246	-0.383318
0.575249	-0.506751
0.685501	-0.477098
0.771137	-0.391736
0.884639	-0.38823
0.797899	-0.191039
0.740628	-0.0527182
0.545477	-0.00122758
0.195497	0.422176
-0.317983	0.204845
-0.418919	0.191882
-0.469163	-0.127524
-0.582293	-0.369284
-0.596927	-0.183781
-0.634885	-0.302287
-0.720739	-0.00886825
-0.182511	-0.0350412
-0.406281	-0.0860747
-0.401451	-0.109334
-0.189353	-0.198193
-0.143334	-0.154216
0.0529889	-0.270018
0.0735864	-0.369736
0.206074	-0.299982
0.109922	-0.121358
0.15521	-0.158834
0.142249	-0.304729
0.148122	-0.449516
-0.23984	-0.358867
-0.235434	-0.24226
-0.423643	-0.0720334
-0.535657	-0.176765
-0.591504	-0.183118
-0.606517	-0.05073
-0.668055	-0.0173128
-0.774497	0.114619
-0.685841	-0.0342879
-0.641875	-0.130826
-0.641807	-0.240483
-0.852789	0.197326
-0.877281	-0.11494
-0.845213	-0.247804
-0.683396	-0.220291
-0.960387	-0.257255
-0.838345	-0.161922
-0.77447	-0.180778
-0.725422	-0.123364
-0.703436	-0.158
-0.828937	-0.311621
-0.704971	-0.157922
-0.868232	-0.251601
-0.621539	-0.197645
0.00712703	-0.117978
-0.119994	-0.22938
0.0199528	-0.358959
0.125874	-0.50979
-0.103588	-0.245821
-0.125332	-0.0718376
0.0272092	-0.151573
0.0570538	-0.0946636
-0.0695661	0.130941
-0.228229	0.358315
-0.36824	0.498372
-0.355838	0.612878
-0.56711	0.360076
-0.835985	-0.0664677
-0.913061	0.0990134
-0.866146	0.214425
-0.976578	-0.0604944
-0.761043	-0.0648061
-0.970363	-0.197041
-1.04884	-0.063421
-0.46551	0.144559
-0.532395	0.166935
-0.854348	0.0916417
-0.946312	-0.270465
-0.846301	-0.451731
-1.04934	0.0365787
-0.972372	0.280204
-0.841401	0.157162
-0.791862	0.0730807
-0.797435	0.0959702
-0.78797	0.0903922
-0.780996	0.109644
-0.782904	0.186447
-0.786206	0.161052
-0.734871	0.134933
-0.415645	0.0573216
-0.210303	0.117235
-0.247097	-0.131017
-0.475444	-0.144678
-0.816061	-0.274645
-0.552285	-0.353699
-0.547733	-0.475325
-0.718606	-0.452504
-0.921479	-0.286628
-0.710333	-0.210852
-0.517144	-0.10104
-0.636099	-0.24577
-0.572926	-0.291758
-0.308263	0.2614
-0.0646098	0.407082
0.0713704	0.226165
-0.0919379	0.141534
-0.653116	0.0617048
-0.16736	-0.0197491
-0.136927	-0.240656
-0.0971463	-0.228526
-0.0485613	-0.262687
0.00393503	-0.207609
0.17433	-0.109068
0.110911	0.198629
-0.2067	0.300446
-0.444328	0.492742
-0.475067	0.44184
-0.329015	0.597652
-0.431663	0.309569
-0.580086	-0.0304198
-0.696085	-0.315439
-0.749944	-0.133333
-1.12329	0.12323
-0.986989	-0.0397312
-0.749364	-0.0698775
-0.928693	-0.0254231
-1.02658	-0.221352
-0.957697	-0.212969
-0.677306	-0.143193
-0.633492	0.0886366
-0.547642	0.167787
-0.900134	0.0258916
-0.777789	-0.151959
-0.595991	-0.046485
-0.702316	0.253659
-0.662377	0.193752
-0.745863	0.195209
-0.666645	0.145555
-0.730794	0.250107
-0.650018	0.173723
-0.585666	0.160732
-0.510228	0.202386
-0.400538	0.220959
-0.26943	0.239721
-0.101439	0.239875
-0.108198	0.279381
-0.201428	0.36161
-0.129042	0.299605
-0.270549	0.290584
-0.336642	0.200579
-0.426328	0.194389
-0.469322	0.16363
-0.358456	0.0688754
-0.352323	0.0806182
-0.130195	-0.0237772
0.00267998	-0.0198855
0.060892	0.057746
0.164512	-0.165136
0.0235924	-0.118388
-0.271292	-0.0971196
-0.351168	-0.183661
-0.297403	-0.252996
-0.325375	-0.260389
-0.319795	-0.248044
-0.273824	-0.223496
-0.289003	-0.183983
-0.218446	-0.165223
-0.144698	0.0112438
-0.165532	0.220016
-0.253451	0.305557
-0.306358	0.342214
-0.460021	0.381889
-0.5582	0.153508
-0.371653	-0.155934
-0.0700349	0.0368298
-0.0559777	0.178311
0.0642749	0.313977
0.11145	0.373203
-0.0270671	0.281349
-0.222051	0.215967
-0.371054	0.221883
-0.557585	0.179764
-0.589283	0.138027
-0.605401	0.0500954
-0.543886	0.0790268
-0.498212	0.172687
-0.401843	0.114094
-0.495809	0.130436
-0.632733	0.15179
-0.359264	0.316297
0.0298036	0.225422
-0.393098	0.414359
-0.718109	0.0672725
-0.860614	-0.0576046
-0.647778	-0.114315
-0.584337	-0.00731342
-0.522351	-0.10586
-0.458186	0.0152602
-0.0502965	-0.0887449
-0.131914	0.201202
-0.461709	0.259458
-0.421138	0.342332
-0.624624	0.405269
-0.97423	0.477132
-1.03076	0.264795
-1.09377	-0.05243
-0.791765	-0.223642
-0.783889	-0.368355
-0.172386	0.0366728
0.288767	0.0727131
0.269713	0.0972964
0.270246	0.162076
0.190812	0.0882144
-0.0692719	0.262295
-0.0600099	0.174376
0.0373393	-0.0045448
-0.0979141	-0.149819
-0.292626	-0.136424
-0.369579	-0.116937
-0.444445	-0.055859
-0.591141	0.0296904
-0.675777	0.0696683
-0.780379	0.166745
-0.851453	0.206343
-0.871038	0.231573
-0.6226	0.223538
-0.604016	0.138321
-0.683244	0.0710409
-0.829327	0.142045
-0.736631	0.158883
-0.69603	0.126111
-0.674986	0.168867
-0.643072	0.194716
-0.716066	0.210642
-0.733843	0.164598
-0.562085	-0.0307992
-0.378912	0.200946
-0.184303	0.35539
-0.364711	0.311059
-0.529704	0.257816
-0.846274	0.183253
-0.797933	0.299794
-0.807848	0.242634
-0.64442	0.361427
-0.616262	0.0733688
-0.669161	0.157898
-0.786253	0.0384183
-0.950153	-0.0248291
-0.99361	-0.367681
-0.626806	-0.238249
-0.844138	-0.0687788
-0.766902	-0.250083
-0.697768	-0.316281
-0.810172	-0.133751
-0.831831	-0.170972
-0.756452	-0.131406
-0.731539	-0.150447
-0.781435	-0.0591556
-0.435797	-0.287184
-0.662196	-0.0346572
-0.8077	0.218662
-0.725412	0.201254
-0.582758	-0.268578
-0.402275	-0.00358842
-0.498316	0.160663
-0.290931	0.0751013
-0.295287	0.164254
-0.363813	0.342333
-0.500096	0.371
-0.441877	0.237449
-0.747467	0.355372
-0.484856	0.0263156
-0.466211	0.225274
-0.544268	0.283227
-0.469604	0.0886
-0.574498	0.216939
-0.607331	0.0393879
-0.452583	0.0385332
-0.574012	0.10197
-0.673321	0.104548
-0.437323	0.111049
-0.17349	0.30339
-0.274766	0.240392
-0.274504	0.191799
-0.308438	0.324518
-0.411655	0.334963
-0.372986	0.278917
-0.227739	0.258716
-0.161538	0.282335
-0.26731	0.4828
-0.0535497	0.460283
0.16271	0.559803
0.130351	0.447467
0.0694079	0.460836
-0.071588	0.493085
-0.326518	0.296065
-0.578279	0.0557474
-0.692488	-0.282051
-0.636695	-0.345736
-0.907101	0.249367
-0.996783	0.400441
-0.822048	0.24687
-0.767537	0.166357
-0.815462	0.188103
-0.777644	0.0634618
-0.762411	-0.0355518
-0.74082	-0.0421639
-0.675458	-0.0922777
-0.613597	-0.0677576
-0.551301	-0.0748042
-0.195642	-0.23412
-0.0929917	-0.0600571
-0.0249096	0.0534513
-0.0323336	-0.0411355
-0.204489	-0.170976
-0.313198	-0.39112
-0.655798	-0.394502
-0.703265	-0.230338
-0.803832	-0.258424
-0.914708	-0.196223
-0.793245	-0.23625
-0.822545	-0.391572
-0.800196	-0.229295
-0.734423	-0.231162
-0.694599	-0.324954
-0.114794	0.172453
0.171143	0.238028
0.31247	0.180333
0.183952	0.37656
0.339035	0.284896
0.00833331	0.248464
-0.0372717	0.0553663
-0.227761	-0.0623845
-0.260469	-0.126254
-0.282459	-0.0341166
-0.0397171	-0.174406
0.0918036	-0.247884
-0.0170952	-0.12094
-0.412958	0.153007
-0.432536	0.421222
-0.42772	0.327411
-0.523997	0.340243
-0.501932	0.369544
-0.442479	0.362741
-0.422133	0.31335
-0.237016	0.383661
0.0344085	0.323372
0.00142493	0.243503
-0.414442	0.0855902
-0.730057	-0.0678622
-0.241355	0.000305522
-0.290368	0.03095
-0.553623	0.526833
-0.879329	0.361604
-0.965062	0.492306
-0.626725	0.152162
-0.552079	0.0349623
-0.397427	-0.259554
-0.265281	-0.361863
-0.139586	-0.409401
-0.200814	-0.377814
-0.21011	-0.397074
-0.142406	-0.325139
-0.104823	-0.409941
0.0393071	-0.32562
0.188588	-0.252471
0.410298	-0.273881
0.343781	-0.0653781
0.331036	-0.0133458
0.259641	0.0339862
-0.0153175	0.0448124
0.385677	-0.070583
0.382807	-0.0156738
0.382352	0.0779756
0.323482	-0.014639
0.080014	0.0839061
0.0803776	0.0955593
-0.00814861	0.0548461
-0.0121393	0.0584717
0.194955	0.0428677
0.022911	0.00456937
0.121742	-0.0685884
0.0500465	-0.12345
0.162228	-0.21787
0.0143076	-0.0514383
0.104586	-0.104185
0.140998	-0.221636
0.0135427	-0.149676
-0.0334904	0.00923329
-0.0690535	-0.0379294
-0.211619	0.0922003
-0.324319	0.126722
-0.413438	0.0802429
-0.6209	-0.0407527
-0.677772	-0.229271
-0.851133	-0.360174
-0.765843	-0.289344
-0.808685	-0.250603
-0.886316	-0.157831
-0.664678	-0.286512
-0.811786	-0.165019
-0.971452	-0.235909
-0.855421	-0.380758
-0.924102	-0.342717
-0.974447	-0.37127
-0.771922	-0.502548
-0.972086	-0.339241
-0.884451	-0.395972
-0.942072	-0.300971
-0.705712	0.00272634
-0.344144	0.477029
-0.419414	0.266928
-0.343547	0.228947
-0.327348	0.165721
-0.358517	0.227358
-0.348431	0.258016
-0.505588	-0.0910124
-0.599032	-0.147543
-0.752737	-0.0877539
-0.930772	-0.0114125
-0.997958	0.0361391
-0.871867	0.0370835
-0.714682	-0.0774845
-0.645696	-0.160009
-0.706741	-0.170519
-0.707931	-0.192746
-0.768857	-0.112487
-0.772195	-0.175071
-0.830383	-0.141513
-0.706431	-0.0924231
-0.345789	-0.107594
-0.0777853	0.118398
-0.157214	-0.104042
-0.340351	-0.0662181
-0.273082	0.0613656
-0.182008	0.111298
-0.196248	0.222109
0.211803	0.141141
-0.199979	0.226281
-0.343285	0.0635536
-0.396558	0.0321997
-0.139463	0.325547
-0.663495	0.446556
-0.620671	0.414098
-0.568906	0.324154
-0.473915	0.192133
-0.395787	0.113635
-0.462075	0.0533904
-0.381052	0.0242189
0.0644433	0.351114
0.0657813	-0.0427532
-0.0585859	-0.184917
-0.22672	-0.298813
-0.385988	-0.261589
-0.668706	0.00169921
-0.661119	0.0873737
-0.437748	-0.0618567
-0.473154	-0.13731
-0.809075	-0.186821
-0.615261	-0.309787
-0.597568	-0.0262468
-0.123194	-0.0275087
-0.237402	-0.067309
-0.278208	-0.122997
-0.424994	-0.106124
-0.581088	-0.0585489
-0.630815	-0.170516
-0.210874	0.0418227
-0.775896	0.0558399
-0.68505	0.210143
-0.353985	0.158419
-0.176934	0.115179
-0.043722	0.0661536
0.00254615	0.164286
-0.0213709	0.213569
-0.0229034	0.193739
0.113343	0.196377
-0.0472751	0.318759
0.0544449	0.462201
0.0409447	0.240071
-0.155677	0.127707
-0.285639	0.188987
-0.0774129	-0.00699598
-0.425537	-0.170329
-0.116225	0.271122
-0.614805	0.546945
-0.606131	0.523412
-0.662948	0.453604
-0.773867	0.580972
-0.647291	0.58346
-0.60184	0.659076
-0.526563	0.60868
-0.445175	0.490517
-0.408051	0.38921
-0.335586	0.347869
-0.361866	0.380519
-0.332093	0.420081
-0.196222	0.64041
-0.199903	0.597762
-0.165593	0.379883
-0.16642	0.375281
-0.237373	0.416379
0.00314194	0.183473
0.133402	0.516313
0.231633	0.512644
0.133562	0.465072
0.0506486	0.501341
-0.221883	0.167773
0.0463646	0.089612
-0.144185	0.106196
0.156689	0.307615
0.0702237	0.30033
-0.060456	0.185114
-0.0262211	0.0337155
-0.242009	-0.0643719
-0.271186	-0.139169
-0.400918	-0.157485
-0.418899	-0.17298
-0.441045	-0.144555
-0.424731	-0.152196
-0.365713	-0.162814
-0.324285	-0.118387
-0.392329	-0.0275897
-0.310989	-0.00395491
-0.229479	0.0788106
-0.196205	0.262899
-0.324669	0.464029
-0.130488	0.394014
-0.13704	0.521933
-0.268054	0.320054
0.112299	0.250899
0.234816	0.354918
0.0132284	0.438094
0.0755596	0.405919
0.166366	0.182702
0.155703	0.35357
-0.235827	0.353945
-0.146141	0.13098
-0.300252	0.0548318
-0.295441	-0.226876
-0.279934	-0.217318
-0.179027	-0.301012
-0.0659292	-0.23472
-0.0132718	-0.249881
-0.157341	-0.0646544
-0.314983	0.00219978
-0.397934	0.117257
-0.255293	0.104019
-0.219951	0.300078
-0.426572	0.422701
-0.259747	0.0937098
-0.375925	-0.129112
-0.342336	-0.315703
-0.210622	-0.160169
-0.409846	-0.13982
-0.577459	-0.145148
-0.684218	-0.112279
-0.834727	-0.199489
-0.70598	-0.22962
-0.608527	0.030808
0.116108	0.416914
-0.130727	0.347945
-0.0946453	0.354877
-0.275652	0.23801
-0.33764	0.154663
-0.339171	0.0221942
-0.335198	-0.05567
-0.139415	0.145472
-0.0474724	0.296661
-0.287421	0.149665
-0.311495	0.015203
-0.397745	-0.331636
-0.11854	-0.236682
-0.244577	-0.0890607
-0.302595	0.045815
-0.364388	-0.115235
-0.211391	-0.355588
-0.242841	-0.352988
-0.263766	-0.0811897
0.121819	0.0392869
-0.198257	-0.152383
-0.323256	-0.158776
-0.427442	-0.030352
-0.410167	0.0488334
-0.460267	0.0182872
-0.586074	-0.0548516
-0.428311	-0.0696101
-0.409875	-0.0342612
-0.289019	0.0510046
-0.0428117	0.0817886
0.0855142	0.0688198
0.189077	0.0696428
0.0691819	0.0835141
-0.107921	0.044844
-0.121005	-0.0431068
-0.226321	-0.0551177
-0.316349	-0.101409
-0.350358	-0.121824
-0.382908	-0.0880915
-0.362828	0.0132993
-0.415285	0.105618
-0.455408	0.255661
-0.449085	0.283201
-0.418763	0.376404
-0.48948	0.563634
-0.386803	0.596356
-0.331383	0.643653
-0.346331	0.752321
-0.333867	0.700653
-0.32696	0.78733
-0.389568	0.914562
-0.540966	0.573165
-0.312001	0.701376
-0.238915	0.65374
-0.280459	0.392519
-0.494589	0.260115
-0.385383	-0.035427
-0.534768	-0.231876
-0.368988	-0.0864832
-0.353406	-0.187918
-0.265149	-0.243612
-0.327119	-0.341562
-0.264601	-0.341703
-0.392199	-0.386085
-0.242905	-0.221302
-0.352436	-0.293793
-0.392554	-0.203669
-0.406032	-0.237963
-0.552297	-0.244487
-0.518949	-0.183106
-0.407254	-0.250516
-0.639751	-0.196605
-0.582947	-0.0923701
-0.542807	-0.0411121
-0.868272	-0.145475
-0.845848	-0.228937
-0.944023	-0.246227
-1.07435	-0.354558
-0.973103	-0.247739
-0.73911	-0.295395
-0.661134	-0.318817
-0.859352	-0.175854
-0.756703	-0.391102
-0.784779	-0.226853
-0.0837954	-0.0776542
0.053899	-0.118833
-0.153454	-0.222143
-0.451902	-0.261171
-0.275958	-0.0287682
-0.0972382	-0.222043
-0.14954	-0.176364
-0.211463	-0.126999
-0.240737	0.0451435
0.284977	0.0044444
0.279399	0.352381
0.0999997	0.118769
0.0403336	0.00484678
-0.289764	0.00375428
-0.453233	0.206071
-0.710163	0.412243
-0.388775	0.545982
-0.370431	0.34272
-0.362955	0.126508
-0.490065	0.216808
-0.658773	0.346223
-0.729004	0.338036
-0.773903	0.336951
-0.817421	0.387712
-0.620544	0.530337
-0.514305	0.573771
-0.386224	0.612609
-0.215754	0.60939
0.0727729	0.642879
-0.0977014	0.547581
-0.397961	0.580104
-0.239537	0.508169
-0.0689881	0.549165
0.0569118	0.296627
-0.083756	0.365001
0.197352	0.252245
0.172701	0.222802
0.0988088	0.1884
-0.402271	0.347928
-0.795513	0.472208
-0.808124	0.383262
-0.864973	0.322118
-0.86926	0.230002
-0.963381	0.249251
-0.77663	0.199086
-0.247593	0.154556
-0.508064	0.361927
-0.673675	-0.0436534
-0.674412	0.0480136
-0.842571	-0.367577
-0.903964	-0.296306
-0.875231	-0.111083
-0.781135	-0.0507854
-0.781644	0.0635441
-0.435663	0.267088
-0.669143	0.225422
-0.724214	0.5227
-0.740946	0.492955
-0.648998	0.313776
-0.598531	0.240049
-0.476718	0.224723
-0.383011	0.296898
-0.394479	0.428009
-0.36582	0.510704
-0.0192081	0.702619
0.0638435	0.666028
-0.0632085	0.446776
-0.122725	0.511364
-0.0562728	0.542035
-0.013116	0.493174
0.0891104	0.739885
-0.0708441	0.824519
-0.279459	0.794941
-0.279557	0.831367
-0.367361	0.842271
-0.454745	0.882374
-0.534018	0.872791
-0.554886	0.799116
-0.5693	0.691457
-0.163067	0.540085
-0.280783	0.501523
-0.573088	0.305873
-0.659514	0.224694
-0.106053	-0.0117085
-0.281734	-0.0707121
0.0275344	0.08037
-0.428673	0.05923
-0.499786	0.173423
-0.520602	0.16918
-0.554599	0.183644
-0.720436	0.366237
-0.956086	0.417126
-0.8938	0.417662
-0.776391	0.389897
-0.585689	0.200808
-0.512619	0.0257776
-0.491306	-0.0247356
-0.455752	-0.0683101
-0.423562	0.0460119
-0.245913	0.128474
-0.00978544	0.369117
-0.125139	0.0141256
-0.278674	0.200151
-0.338467	0.0104084
-0.256195	-0.034672
-0.251567	-0.0458244
-0.0920853	0.0137984
-0.577275	0.399466
-0.465094	0.298885
-0.383689	0.257841
-0.484681	0.115392
-0.6346	-0.037137
-0.390457	-0.266228
-0.547952	-0.138504
-0.617326	0.00768724
-0.572491	0.0231254
-0.584681	0.00103621
-0.422338	-0.106462
-0.227254	-0.397311
-0.103606	-0.440401
0.128245	-0.287112
0.128234	-0.318729
-0.020272	-0.306931
-0.107817	-0.310767
-0.144327	-0.225397
-0.124454	-0.116513
-0.207913	-0.00701593
-0.134357	0.148237
-0.165483	0.315494
-0.0262468	0.32726
-0.084996	0.249574
-0.0455257	0.35147
0.193081	0.407687
-0.105537	0.474253
-0.0626556	0.449789
-0.0589912	0.554641
-0.32355	0.596063
-0.230311	0.761107
-0.224911	0.478237
-0.601275	0.487426
-0.63554	-0.268726
-0.774806	-0.207279
-0.903839	-0.307229
-0.751703	-0.352967
-0.893283	-0.255465
-1.01629	-0.351183
-0.836458	-0.172617
-0.95227	-0.179907
-0.869296	-0.282278
-0.654439	0.113372
0.088352	0.46463
0.33552	0.671473
0.206946	0.53753
0.28115	0.476878
0.443774	0.236535
0.376924	0.343568
0.0508324	0.316076
-0.391182	0.309062
-0.602276	0.300237
-0.661831	0.358102
-0.727516	0.461307
-0.76748	0.423971
-0.823541	0.172293
-0.75136	0.15918
-0.799442	0.16379
-0.880064	0.189935
-0.925558	0.171904
-0.929716	0.0863798
-0.872905	-0.0146039
-0.81202	-0.0254732
-0.744233	-0.102967
-0.764121	-0.088709
-0.80498	-0.0559051
-0.818598	-0.00113368
-0.966039	0.139164
-1.00037	0.159536
-1.03523	0.225955
-0.751987	0.121455
-0.780317	0.246282
-0.767816	0.195588
-0.722162	0.173825
-0.758217	0.167854
-0.810994	0.1582
-0.830383	0.0991247
-0.824814	0.0843944
-0.816577	0.0232982
-0.76258	-0.0130177
-0.679237	0.00257974
-0.684897	-0.0558254
-0.674688	-0.0499308
-0.719363	0.0500291
-0.745472	0.134992
-0.645526	0.14637
-0.564696	0.163853
-0.455598	0.303757
-0.361308	0.361191
-0.309563	0.408455
-0.283709	0.415202
-0.325782	0.494268
-0.209488	0.399097
-0.274816	0.522715
-0.32241	0.412352
-0.39368	0.382635
-0.505068	0.385962
-0.530578	0.237146
-0.647061	0.153989
-0.653799	0.0130353
-0.697348	-0.0197186
-0.649776	-0.0486835
-0.629011	-0.0511013
-0.5836	-0.0409611
-0.561689	0.0350202
-0.448367	0.0692038
-0.409449	0.062053
-0.322575	0.0755029
-0.218231	0.166686
-0.200347	0.168797
-0.22037	0.128147
-0.254364	0.167703
-0.305727	0.131518
-0.356488	0.157754
-0.286168	0.0210761
-0.324056	-0.00774612
-0.42938	0.0459244
-0.507343	0.0534873
-0.586093	0.0557278
-0.533974	0.000210811
-0.601335	0.0292576
-0.640049	0.00196007
-0.33473	-0.269651
-0.25601	0.0190209
-0.0523805	0.247219
-0.103154	0.294836
-0.0652969	0.239579
-0.13893	0.062412
-0.0577521	-0.021602
-0.173806	0.20345
-0.271922	0.0491075
-0.471924	-0.0187452
-0.661873	-0.0519356
-0.758413	-0.149627
-0.842553	-0.142896
-0.677533	-0.232707
-0.877202	-0.28034
-0.697496	-0.285856
-0.902875	-0.242587
-1.04051	-0.194086
-0.875304	-0.207145
-0.843313	-0.233436
-0.845943	-0.47881
-0.896976	-0.319703
-0.836299	-0.217565
-0.871786	-0.263037
-0.708784	-0.265261
-0.688608	-0.284427
-0.344132	0.227873
-0.194968	0.147919
-0.0803924	0.220182
-0.00357891	0.0026398
-0.0678089	0.100986
-0.165687	0.0951231
0.05899	-0.0177639
-0.19276	-0.0847048
-0.298221	-0.0739398
-0.314495	-0.0195612
-0.194459	-0.168239
-0.383396	-0.0909618
-0.481298	-0.0946174
-0.471511	-0.0970976
-0.497573	-0.0884151
-0.373788	-0.088849
-0.497167	-0.0585229
-0.431562	0.331883
-0.391107	0.469682
-0.283938	0.576295
-0.0953852	0.454993
-0.0396008	0.454888
-0.0995625	0.550352
-0.00246983	0.503006
-0.0874187	0.562731
0.231822	0.492758
0.0968986	0.185146
0.2442	0.432956
0.182861	0.373783
0.0711867	0.324436
0.0111432	0.197348
0.0283377	0.0138453
-0.125839	-0.0521851
-0.131263	-0.251877
-0.351803	-0.194774
-0.506939	-0.187568
-0.562513	-0.298589
-0.650913	-0.227058
-0.565109	-0.23208
-0.583077	-0.219272
-0.580576	-0.107967
-0.473199	-0.00958584
-0.41359	0.183363
-0.487096	0.494235
-0.36	0.394783
-0.409021	0.309704
-0.298124	0.107842
-0.218357	-0.114905
-0.334658	-0.126362
-0.238291	-0.238992
-0.217153	-0.200875
-0.194209	-0.127787
-0.128082	-0.1832
0.0396827	-0.0958164
0.257569	0.0762259
0.262029	0.215214
0.209312	-0.016726
0.0513518	0.0066215
-0.284263	0.0567443
-0.596604	0.0629673
-0.635561	-0.0996327
-0.671202	0.470526
-0.879367	0.649309
-0.240328	0.195874
-0.112094	-0.111014
-0.165218	-0.222136
-0.298474	-0.0812733
-0.308334	-0.13016
-0.235971	-0.094942
-0.148054	-0.0980817
-0.344689	0.00220452
-0.265831	0.046991
-0.213331	-0.179061
-0.1288	-0.0970654
0.0632738	-0.0315786
0.0422845	0.0306919
0.284105	0.0865932
0.074452	0.100086
-0.0547311	-0.190382
-0.203574	-0.0553799
-0.324003	0.141299
-0.0122376	0.423469
0.149894	0.390975
-0.019271	-0.0551614
-0.0622938	-0.00873342
-0.0183518	-0.131789
0.102501	-0.31999
-0.00446135	-0.428181
-0.228164	-0.400174
-0.104598	-0.350639
0.0469966	-0.256808
-0.0472745	-0.107876
-0.137095	-0.0717574
-0.332318	-0.051961
-0.357374	-0.0469059
-0.355942	0.0869958
-0.500732	0.075885
-0.787627	-0.288278
-0.759021	-0.279662
-0.815851	-0.33768
-0.841594	-0.454546
-0.785791	-0.225936
-0.88059	-0.195281
-0.872334	-0.114955
-0.791824	-0.352993
-0.630982	-0.255498
-0.825229	-0.548702
-0.925813	-0.268013
-0.963613	-0.330983
-1.02718	-0.417894
-0.880154	-0.25359
-0.762937	-0.44879
-0.889788	-0.394507
-0.78166	-0.28564
-0.914308	-0.132601
-0.990994	-0.243117
-0.936235	-0.339813
-0.55483	-0.27928
-0.14403	-0.101779
-0.178058	0.00215578
-0.0130118	0.0273858
0.0426448	-0.255942
0.0413644	-0.294701
-0.261343	-0.355039
-0.250516	-0.47293
-0.579894	-0.224112
-0.541846	-0.404411
-0.660687	-0.350123
-0.598494	-0.304903
-0.446515	-0.332903
-0.444708	-0.363062
-0.509849	-0.288561
-0.48388	-0.279278
-0.667029	-0.252736
-0.669818	-0.239588
-0.453476	-0.247274
-0.267702	-0.0437415
-0.356816	0.0830399
-0.379623	-0.0433058
-0.536656	-0.0461942
-1.33686	0.227028
-1.4524	0.183263
-1.03689	0.335981
-0.826247	0.542904
-0.856451	0.559877
-0.776701	0.46727
-0.75542	0.373719
-0.650918	0.195542
-0.540993	0.0600316
-0.455113	-0.0366806
-0.113113	0.0938616
-0.301254	0.421581
-0.33275	0.0954377
-0.412702	-0.104193
-0.359008	-0.296752
-0.375578	-0.306087
-0.456495	-0.202862
-0.407883	0.105791
-0.27564	0.0551121
-0.382686	-0.0562128
-0.507393	-0.143601
-0.639605	-0.151904
-0.708133	-0.214649
-0.466657	-0.0450757
-0.25159	-0.0768376
-0.463497	-0.106806
-0.540354	-0.0365855
-0.538872	-0.108628
-0.585347	-0.122982
-0.617759	-0.0967021
-0.509091	0.0272716
-0.504713	0.41808
-0.0765622	0.178741
-0.520172	0.0967384
-0.498158	0.114657
-0.486411	0.326732
-0.471022	0.0777645
-0.462122	-0.00687238
-0.359584	-0.0726309
-0.365456	-0.0601264
-0.38372	-0.121193
-0.356517	-0.118078
-0.274832	-0.0913431
-0.393692	0.168042
-0.532129	0.446712
-0.592448	0.453782
-0.670932	0.499032
-0.62396	0.475656
-0.642456	0.485972
-0.564	0.437979
-0.469443	0.5017
-0.388186	0.458077
-0.354464	0.479789
-0.247938	0.485188
-0.325112	0.618742
-0.306758	0.740633
-0.271354	0.755429
-0.299887	0.703482
-0.285594	0.678192
-0.198026	0.717281
-0.218787	0.681591
-0.26625	0.668633
-0.486627	0.198785
-0.508606	-0.145636
-0.5575	0.0514505
-0.528187	-0.225964
-0.532689	0.220477
-0.492247	-0.0179908
-0.39101	-0.0147259
-0.428284	0.113531
-0.366802	-0.0522642
-0.50966	0.105619
-0.458787	0.0750655
-0.602138	0.101819
-0.561546	0.143531
-0.561253	0.446892
-0.341441	0.804431
-0.541238	0.828883
-0.763582	0.744186
-0.670999	0.752607
-0.657827	0.698878
-0.745292	0.677519
-0.699055	0.527637
-0.650397	0.395785
-0.54545	0.244788
-0.499425	0.0780955
-0.458418	0.0617821
-0.505863	0.14724
-0.490735	0.184694
-0.331541	0.0664659
-0.365964	0.179195
-0.209605	0.0650014
-0.160394	0.044416
-0.329	0.135859
-0.239354	0.0780379
-0.0540914	-0.0767076
-0.00560072	-0.0195225
0.0241469	0.0301703
-0.181047	0.196475
-0.188511	0.22493
-0.0369946	0.138256
-0.403761	-0.0478923
-0.87693	-0.00190919
-0.590163	-0.108225
-0.51223	-0.202147
-0.496884	-0.260678
-0.83309	-0.176893
-0.696005	-0.181479
-0.692849	-0.189063
-0.648261	-0.372968
-0.624686	-0.210195
-0.685544	-0.277877
-0.622466	-0.276022
-0.979804	-0.153522
-0.888355	-0.271285
-0.807035	-0.354307
-0.910258	-0.336021
-0.950294	-0.20207
-0.929821	-0.17611
-0.5278	-0.242567
-0.909113	-0.35451
-1.03437	-0.359645
-0.950592	-0.0653726
-0.857396	-0.0022595
-0.670881	-0.0825348
-0.720806	-0.0821647
-0.798253	0.0632822
-0.704948	-0.042332
-0.949765	0.0337517
-0.964495	-0.084059
-0.722024	-0.261008
-0.649763	0.0302431
-0.913711	0.131499
-0.986061	0.0570131
-0.77181	0.149848
-0.430027	0.383369
-0.847424	0.401406
-0.876855	0.440782
-0.755275	0.412937
-0.731417	0.482723
-0.586373	0.465563
-0.512253	0.432215
-0.369752	0.320746
-0.0864032	0.345657
-0.182844	0.396584
-0.226337	0.465814
-0.37465	0.460069
-0.443268	0.0548288
-0.676502	-0.155759
-0.432326	0.223343
-0.346859	0.0102518
-0.347384	-0.00139229
-0.301373	0.0449101
-0.379331	-0.0168771
-0.11115	0.0130628
0.120492	0.208034
0.133412	0.202449
-0.195875	0.134062
-0.201377	-0.0237551
-0.190418	-0.18926
-0.241253	-0.00200597
-0.257077	-0.200052
-0.413075	-0.12715
-0.288818	-0.0870101
-0.348133	-0.0808738
-0.313922	0.00745608
-0.394987	0.371737
-0.487666	0.23757
-0.642877	0.0597167
-0.710365	0.0799684
-0.514525	0.0468378
-0.05947	0.0685582
0.181049	0.0546225
0.54694	0.257961
0.582415	0.12725
0.334118	0.326041
0.255312	0.217417
0.219383	0.109934
0.0176287	0.186292
-0.121389	0.199545
-0.252628	0.202214
-0.606357	0.18521
-0.548731	0.196576
-0.502267	0.250211
-0.414515	0.323384
-0.416196	0.303773
-0.297002	0.350671
-0.724629	0.66108
-0.57137	0.277689
-0.284703	0.188448
-0.223361	0.471195
-0.363115	0.299048
-0.390998	0.358185
-0.50838	0.327029
-0.444736	0.529477
-0.166994	0.632958
-0.0538456	0.640556
-0.0374281	0.493476
-0.171366	0.40949
-0.233168	0.4531
-0.288713	0.53761
-0.290753	0.409742
-0.265552	0.0731453
-0.399429	0.0869463
-0.488658	0.0749146
-0.540323	0.0691916
-0.621332	0.130332
-0.711276	0.234612
-0.786199	0.310504
-0.836697	0.301247
-0.879361	0.268413
-0.560668	0.384138
-0.665841	0.496291
-0.495073	0.338024
-0.229082	0.202165
-0.181084	0.134006
-0.0588599	0.354995
-0.266609	0.223863
-0.551996	0.31168
-0.595627	0.118514
-0.678252	-0.0400644
-0.61203	0.127183
-0.710976	0.0176757
-0.647998	-0.0588931
-0.683077	-0.264742
-0.584486	-0.0273169
-0.498022	0.0984505
-0.055418	0.317465
-0.130664	0.587113
0.0544497	0.649336
0.0902643	0.679395
0.137236	0.45495
0.272585	0.303214
0.0163434	0.456199
0.0669277	0.496761
-0.236938	0.316382
-0.34853	0.168345
-0.506831	-0.00939783
-0.543548	0.0446046
-0.960802	0.328639
-1.18687	0.35773
-1.28685	0.216606
-0.799947	0.486808
-0.662558	1.02977
-0.522726	1.10579
-0.274007	0.950053
-0.278837	1.11041
-0.246583	0.96043
-0.388117	0.904929
-0.431171	0.735824
-0.512495	0.500282
-0.531152	0.289622
-0.355921	0.0383834
-0.424142	-0.160842
-0.421645	-0.222739
-0.422722	-0.204256
-0.31774	-0.21276
-0.349601	-0.267939
-0.263451	-0.152215
-0.26693	-0.0112318
-0.315522	0.169127
-0.459694	0.404429
-0.282109	0.312886
-0.3348	0.392772
-0.380541	0.594142
-0.323748	0.661042
-0.228419	0.873281
-0.286444	0.949334
-0.30792	0.961007
-0.269687	0.899745
-0.435016	0.82332
-0.39514	0.859278
-0.478324	0.830705
-0.520075	0.634017
-0.795082	0.560234
-0.579739	0.596049
-0.60302	0.420323
-0.631095	0.299865
-0.579073	0.446271
-0.692689	0.441743
-0.732299	0.413478
-0.602169	0.425164
-0.531961	0.294349
-0.560289	0.124086
-0.50219	0.0977257
-0.448093	0.103688
-0.516522	0.0727573
-0.962443	-0.130494
-0.855977	-0.278092
-0.776206	-0.183164
-0.65868	-0.445348
-0.777541	-0.203789
-0.871773	-0.228093
-0.941942	-0.266209
-0.926421	-0.397294
-0.549474	0.0640427
-0.108622	0.334605
-0.343216	0.269693
-0.375393	0.222702
-0.42165	0.147209
-0.411651	0.208722
-0.441786	0.142019
-0.324117	0.0627048
-0.42973	-0.00660072
-0.40047	-0.194522
-0.536388	-0.152999
-0.449618	-0.0301486
-0.516438	0.105458
-0.118631	0.409081
-0.382228	0.478305
-0.407667	0.471787
-0.463524	0.448251
-0.589532	0.542528
-0.639799	0.55656
-0.752971	0.414529
-0.634516	0.403627
-0.505241	0.372073
-0.618788	0.189697
-0.558891	0.0586299
-0.554078	0.0327607
-0.567985	0.0612083
-0.588649	0.0821336
-0.573268	0.118699
-0.546613	0.140156
-0.693265	0.311965
-0.768699	0.389814
-0.725127	0.453647
-0.75347	0.608604
-0.728186	0.646675
-0.631721	0.534088
-0.347958	0.274578
-0.213228	0.113781
-0.255897	0.00216405
-0.27463	-0.0850691
-0.274909	-0.0441981
-0.280506	-0.0246791
-0.265532	0.0733319
-0.0166936	0.192348
0.212525	0.400326
0.324657	0.560243
0.402564	0.556101
0.452605	0.563106
0.395723	0.553157
0.511412	0.546866
0.443284	0.575243
0.410332	0.543356
0.284977	0.502513
0.0573919	0.409106
-0.0308625	0.268907
-0.105444	0.105908
-0.191426	0.00344255
-0.306712	-0.0972497
-0.386182	-0.185082
-0.475702	-0.257664
-0.485647	-0.352669
-0.517851	-0.406112
-0.557141	-0.309763
-0.624907	-0.10187
-0.656428	0.0448838
-0.694226	0.246568
-0.616779	0.447178
-0.589834	0.51635
-0.592443	0.667569
-0.500141	0.596182
-0.289362	0.801959
-0.51579	0.928765
-0.518662	0.783398
-0.59051	0.761067
-0.682621	0.43774
-0.87996	-0.0340178
-0.856521	-0.164853
-0.801666	-0.287109
-0.71104	-0.0690516
-0.768204	-0.169871
-0.86948	-0.202418
-0.787241	-0.180113
-0.836094	-0.256773
-0.825177	-0.200103
-0.830532	-0.366928
-0.792342	-0.233006
-0.721011	-0.301874
-0.89838	-0.393121
-1.00896	-0.0441148
-0.885123	-0.0721172
-0.640255	-0.126744
-0.853355	-0.22556
-0.804661	-0.214567
-0.736814	-0.247919
-0.875939	-0.121736
-1.09515	-0.299221
-0.808087	0.0412648
-0.639456	-0.109219
-0.749514	0.0651463
-0.75776	-0.0747256
-0.617002	0.0230272
-1.04118	0.0033559
-1.00902	-0.157773
-0.775583	-0.307436
-1.02825	-0.254007
-0.990562	-0.343961
-1.01049	-0.358659
-0.802534	-0.213551
-0.861377	-0.156181
-0.960773	-0.211149
-1.01443	-0.389839
-0.837127	-0.245758
-1.00615	-0.29528
-0.794679	-0.139908
-0.746441	-0.249888
-0.799793	-0.340234
-0.905007	-0.385591
-0.76606	-0.35098
-0.762071	-0.297789
-0.735961	-0.21584
-0.646213	-0.118271
-0.901786	-0.316477
-0.892468	-0.413442
-0.809746	-0.293696
-0.883821	-0.0441988
-0.823706	-0.134462
-0.824384	-0.235594
-0.86521	-0.255975
-0.972716	-0.193995
-0.809372	-0.428417
-0.761897	-0.463346
-0.768116	-0.357903
-0.98051	-0.247653
-0.892552	-0.449967
-0.977979	-0.294194
-0.916395	-0.462144
-0.964501	-0.151775
-0.87195	-0.066218
-0.873181	-0.315553
-0.727662	-0.141255
-0.758565	-0.14275
-0.789943	-0.251327
-0.668561	-0.421499
-0.51681	-0.231728
-0.435499	-0.0852
-0.116492	-0.141745
0.00406026	-0.171261
-0.0403434	-0.125107
-0.0940155	0.100344
-0.074654	0.227727
0.0155245	0.254992
0.250125	0.283057
0.48616	0.283369
0.616863	0.338902
0.619879	0.333662
0.799877	0.402879
0.742398	0.453282
0.762727	0.393779
0.568652	0.488311
0.350707	0.547003
-0.03682	0.643641
-0.0779065	0.73339
-0.123729	0.72799
-0.220382	0.816452
-0.303737	0.729238
-0.302338	0.855021
-0.267114	0.756389
-0.291374	0.661877
0.00898035	0.515385
-0.1946	0.21317
-0.165718	-0.0269228
0.0487243	-0.193359
0.365421	-0.00846052
0.371787	0.308516
0.340725	0.305136
0.134875	0.322397
0.300307	0.184311
-0.0385557	0.0456462
-0.1386	0.116416
-0.830873	0.214145
-0.813693	0.16055
-0.802829	-0.173329
-0.625179	0.015013
-0.384991	0.0491945
-0.129897	-0.0913954
-0.485028	0.00859336
-0.55452	-0.0872921
-0.838305	-0.0605474
-0.628844	-0.182746
-0.59519	-0.133775
-0.310653	0.178064
-0.44037	0.0983583
-0.519874	0.0649285
-0.391014	-0.0392445
-0.367902	0.0415937
-0.256005	0.187389
-0.0911815	0.333063
0.207625	0.286412
0.0700019	0.469438
0.185725	0.442088
0.168044	0.53961
0.343333	0.421968
0.225099	0.206214
-0.267095	0.546115
-0.30758	0.702964
-0.0484332	0.28155
-0.268229	0.338047
-0.142044	0.240174
-0.0808214	0.262587
-0.0390673	0.46523
-0.104766	0.714674
-0.114401	0.67131
-0.230233	0.611671
-0.25019	0.564374
0.000210973	0.635142
0.234455	0.77201
0.00152065	0.343966
-0.079626	0.175237
-0.40795	-0.00609101
-0.419404	-0.0526269
-0.383916	-0.132042
-0.557018	-0.870927
-0.498558	-0.643759
-0.497956	-0.24821
-0.527058	-0.348391
-0.574931	-0.326226
-0.541854	-0.288396
-0.499484	-0.110544
-0.41734	-0.0685201
-0.480994	0.0478745
-0.51559	-0.0819044
-0.566693	-0.156829
-0.583807	-0.058953
-0.903536	0.371018
-0.962352	0.566085
-0.943871	0.760042
-0.692689	1.06999
-0.554821	1.21106
-0.448504	1.17653
-0.417582	1.17467
-0.340027	1.12431
-0.288026	1.11947
-0.139392	1.08845
-0.067499	1.41416
-0.206427	1.23146
-0.506789	1.27144
-0.578556	1.19323
-0.535358	1.00912
-0.565937	0.741212
-0.303074	0.310284
-0.448786	0.332328
-0.411905	0.305291
-0.673856	0.171936
-0.69498	0.144488
-0.57272	-0.100926
-0.83764	-0.174909
-0.722298	0.148479
-0.671098	-0.145206
-0.92012	-0.186759
-0.689389	-0.262174
-0.762858	-0.312688
