7.69266	-5.9869
0.727119	-7.0257
3.11041	-1.5847
2.53956	-3.66723
-0.230268	-5.96233
0.632133	-9.19367
-1.10004	-7.16791
2.45936	-9.08287
-0.632122	-7.40587
-13.131	-12.3588
-21.5916	-11.4136
-12.9471	-16.0361
5.54446	-11.537
-14.0543	-9.14097
-14.247	-13.6458
-13.2021	-11.2499
-10.9541	-9.8756
-7.99677	-9.96618
-2.4645	-13.4585
8.44158	-15.3096
6.67718	-14.1084
6.77605	-13.4107
1.83138	-12.7181
3.01249	-10.2503
-2.25984	-8.00319
-1.99956	-9.01136
-3.74234	-7.81387
-4.18775	-5.59027
-3.78809	-3.99736
6.18361	-7.40874
10.8906	-5.33967
8.08095	-6.19668
10.1972	-5.87961
8.80453	-8.97587
9.5728	-9.88221
11.5841	-7.64063
11.411	-10.1616
11.5136	-10.2865
9.51672	-11.9442
-12.5085	-12.761
-15.0296	-11.256
-14.2289	-13.0324
-12.9941	-16.0537
-10.5586	-17.1155
-9.27549	-14.1858
-6.87789	-11.1578
-1.58901	-7.19728
-1.25477	-2.48734
-9.54899	-0.0980498
-13.7901	-6.94802
-13.6111	-6.5573
-7.72315	-10.2672
-2.86775	-5.34391
-1.71607	-4.56128
-2.65088	-1.19438
-9.23399	-3.52979
2.27718	-5.7051
-8.7594	-11.4797
-5.7193	-15.7781
-4.1373	-18.6023
-4.70879	-14.7653
-2.65111	-6.63952
-7.81324	-1.54366
-0.179912	3.79235
4.25472	-8.15619
-2.3143	-7.63029
-3.96503	-0.714049
-0.112837	-6.69487
-3.53406	-9.93175
-0.0923778	-10.229
-1.87956	-6.84859
-6.00673	-10.3202
-4.03674	-10.032
-2.95959	-7.88027
-6.41829	-6.48885
-13.7429	-16.3546
-4.57613	-23.8499
8.27207	-13.3051
5.87313	-26.2591
3.38855	-29.7471
2.48167	-29.9722
0.963068	-30.022
-0.112442	-30.8811
-0.553042	-34.9718
0.746637	-34.0173
1.74061	-34.4356
2.92392	-35.2365
4.63345	-32.9713
4.50767	-21.5831
2.70348	-12.3475
0.569863	-8.36185
-3.54605	-8.57541
-3.67654	-13.1864
-6.69548	-15.4881
-10.219	-17.8465
-10.2617	-15.7311
-12.4121	-13.4687
-7.7148	-15.3615
-5.68545	-9.12961
-2.64854	-5.28287
1.8058	-9.66097
1.84722	-3.93953
-2.1501	-9.77947
-7.31727	-12.2705
-2.30865	-5.58211
-0.830502	-9.51842
-7.61049	-10.6314
-6.42574	-10.6945
-4.02103	-3.59011
-11.4645	-8.23388
-6.99662	-18.216
-4.05763	-6.22381
9.98033	1.00031
7.24964	-6.60188
-2.41394	-17.0669
-1.60465	-20.8548
1.29111	-22.399
6.14027	-13.4921
7.10014	-14.3042
6.47829	-15.4011
5.96389	-12.7925
4.66213	-11.2612
2.25332	-12.5247
-3.88477	-13.9649
-18.8455	-4.93255
-20.1059	-1.79983
-19.2625	-0.094445
-20.0463	-0.645081
-19.9793	1.05491
-19.9233	-0.102862
-19.2873	-4.68213
-13.9647	-11.5438
-5.53339	-16.7035
-3.84928	-17.1444
1.2322	-14.0344
1.15378	-12.6032
2.62318	-10.9201
2.58565	-8.50674
3.52554	-7.63761
7.61937	-9.138
6.15907	-11.2195
-0.65336	-15.4549
-6.22841	-15.3336
-12.7352	-11.789
-12.864	-11.8792
-12.8405	-12.4349
-13.2731	-14.2167
-15.6833	-14.1636
-14.4402	-14.4309
-14.9004	-15.8542
-14.0126	-17.5332
-10.4478	-20.1453
-13.9653	-17.6767
-15.0617	-20.7206
-15.216	-20.9333
-15.1834	-18.6184
-9.2468	-19.0111
-1.69897	-13.5024
-3.58994	2.93244
-0.406477	-2.91197
-2.21891	3.46159
2.12451	-10.5647
-4.61025	-12.7767
-7.84263	-17.1069
-12.0748	-14.9619
-14.0316	-14.404
-17.4639	-12.8066
-18.8988	-15.566
-13.8769	-21.6304
-12.3592	-20.3751
-1.71289	-11.9581
4.89854	-6.50473
2.78888	-7.30851
6.01663	-9.05953
-0.290146	-10.8775
-2.59673	-16.6472
-5.85644	-13.4616
-5.07337	-11.8523
-1.7958	-6.97937
1.9834	-5.5631
2.28955	-6.52494
2.6222	0.0416515
-1.95355	-4.62438
2.90418	-2.11173
0.314337	1.06005
4.02194	-0.701928
-0.871437	-6.73489
-1.09972	-3.12339
-0.367941	1.96833
6.53617	-4.23079
3.64955	-3.15641
2.65865	-1.47628
8.28165	2.99893
4.17246	-8.38272
4.80833	-9.81657
2.52102	-9.52585
-2.45187	-7.14754
-0.842147	-16.1995
-1.50734	-10.2079
-1.04958	-18.5362
-1.96394	-15.6057
1.40577	-23.4756
-0.0670387	-23.4665
-1.96588	-22.982
-2.50758	-22.7449
-6.10963	-19.7332
-8.53308	-17.0636
-8.75978	-16.0173
-9.19701	-15.4355
-5.04811	-14.1311
-4.97619	-11.6947
-8.64263	-15.7667
-12.964	-20.5032
-10.5697	-20.4109
-6.41118	-11.1001
-5.50057	-22.5794
-2.00251	-13.5955
-4.55073	-13.5383
-10.2261	-9.9404
-9.86757	-11.608
-12.0642	-9.38194
-13.772	-8.00357
-15.03	-5.16776
-15.6346	-3.24385
-9.05859	-6.83485
2.00209	-5.33218
3.03473	-5.31904
2.01705	-6.67069
2.11641	-6.94368
2.48722	-7.05402
1.61874	-4.76529
1.67388	-7.39939
2.1456	-10.3171
-10.2682	-18.5998
-15.4672	-17.8326
-17.5833	-15.1812
-19.3931	-14.1258
-20.744	-11.1799
-19.581	-12.4585
-18.817	-12.2923
-16.6407	-15.7431
-12.9272	-19.775
-10.0747	-23.8792
-8.05444	-23.4709
-5.46345	-25.7382
-3.68314	-24.7032
-2.19114	-24.3301
-1.3346	-23.1162
2.91031	-22.2547
10.094	-22.2441
12.5849	-19.7387
7.9383	-13.4753
2.43353	-10.6258
3.77106	-8.06723
1.36398	3.17188
-2.60761	-0.783158
-3.20582	-3.36363
2.69731	-4.16737
2.02389	-5.9984
3.43839	-12.3852
3.55871	-20.6679
2.14378	-25.8537
1.36501	-21.2912
-0.976362	-10.7996
9.24114	-17.5208
9.09371	-17.4062
8.9453	-18.1415
10.1025	-18.0216
10.2809	-20.1567
9.22762	-15.922
7.39223	-15.1901
-5.84064	-19.2166
-10.4373	-13.4524
-11.594	-13.1174
-10.9472	-12.7115
-8.78436	-15.6858
-7.8266	-17.3076
-3.89678	-19.438
-2.10131	-20.102
2.51428	-20.1242
2.67868	-17.8799
1.64069	-14.6787
0.719697	-13.8521
1.32279	-13.091
5.4041	-12.4981
10.8692	-15.4755
-4.23921	-5.97825
-4.26876	-6.9555
3.75852	-3.47823
-2.49217	1.06307
0.00380824	1.28322
-5.74834	0.959847
-5.28658	-4.91862
-7.21243	-7.27724
-6.6639	-1.97012
-10.8985	0.597939
-6.29489	-3.50588
-5.97043	-3.79943
-4.71952	-5.84773
-3.7884	-9.08669
-1.80183	-14.0893
-0.986389	-17.1024
-0.808751	-20.1374
-1.96	-21.196
-3.29128	-19.3293
-0.990852	-15.0437
1.95126	-14.9282
7.98132	-14.1245
7.79065	-20.8559
8.98726	-16.4634
7.69765	-16.9597
5.85003	-16.5838
6.15537	-10.3198
3.0005	-11.4538
3.77133	-12.1551
10.6094	-15.9755
4.59199	-15.8313
4.44127	-13.7684
6.17182	-8.37067
8.72262	-12.9844
11.284	-8.1243
13.8782	-0.807109
6.74206	2.85821
-7.08584	-7.86808
-13.8881	-7.52507
-12.9913	-1.13393
-5.92909	-0.467886
-6.02776	-3.85948
-5.35758	-8.68411
-14.3751	-6.31901
-15.8565	-5.4933
-14.786	-15.5261
-9.99499	-7.85614
-6.46674	-7.99085
-11.2569	-9.57507
-11.8751	-13.0368
-11.0572	-12.0243
-11.8276	-13.994
-6.60374	-10.0008
-7.94838	-15.1312
-10.9048	-11.193
-6.82473	-11.677
-9.72137	-11.4746
-5.23744	-13.779
-2.47184	-17.6357
5.64749	-7.20123
-0.752403	-5.27088
-4.58434	-8.58135
-1.41709	-4.97867
-3.42583	-8.65992
-1.77943	-6.53999
-3.11005	-6.38745
-0.734951	-4.43664
2.38853	-4.88353
3.45915	-8.92254
0.518375	-4.14589
-1.91753	-8.63589
2.71135	-6.38746
5.49263	-6.82239
2.37706	-8.05501
4.48279	-20.1102
-2.03058	-25.0858
4.55935	-22.2024
2.2013	-26.0995
-1.40993	-23.9183
-5.88114	-20.3217
-7.86508	-17.7948
-10.8523	-15.9494
-11.7657	-15.2017
-11.4903	-15.5477
-11.814	-16.067
-11.7309	-15.0922
-11.0469	-13.9078
-10.4553	-14.1316
-10.8687	-14.2357
-9.70894	-13.3644
-9.0005	-13.1763
-7.99074	-13.0593
-7.19967	-12.2694
-3.275	-10.4137
7.3101	-14.4266
9.75144	-18.5365
6.66643	-16.8602
7.37189	-14.2398
5.02545	-9.39546
1.32367	-14.6031
1.39445	-21.3526
-1.69577	-25.2411
-4.28065	-25.6279
-4.64871	-25.6674
-6.61524	-25.5432
-6.76767	-25.3203
-6.19625	-23.5666
-4.66402	-20.7148
-3.96529	-20.0411
-3.53263	-16.851
-3.50835	-12.4227
-7.21393	-12.7204
-2.60798	-13.124
-9.03396	-15.0379
-8.46572	-16.1132
-6.6453	-19.9599
-10.9195	-21.7152
-11.1721	-21.5105
-11.1934	-20.24
-9.72772	-20.6921
-5.64124	-17.0082
-1.89033	-8.35911
2.87526	-14.4403
3.90198	-10.5611
0.0101159	-14.8299
-6.47035	-18.3348
-0.86374	-19.7448
-3.60337	-6.13756
-3.39607	-14.7178
3.14208	-9.58673
-2.66826	-15.9751
-0.474048	-13.5096
-4.42684	-13.7471
-4.95355	-8.64478
-4.99107	-13.7629
-9.84735	-12.3686
-12.1036	-12.8434
-11.5262	-11.0435
-9.36377	-9.94907
-8.95963	-10.934
-6.16702	-12.7587
-7.56258	-12.0852
-6.09969	-11.9202
-6.41147	-10.517
-8.04422	-11.0699
-9.65421	-9.68541
-13.3601	-10.063
-15.5655	-12.7297
-16.1079	-22.2333
-16.9032	-21.5506
-17.5953	-24.3116
-17.3557	-24.514
-16.1168	-23.5837
-11.6184	-22.9538
-7.16295	-19.6672
-1.88255	-13.3774
2.07123	-11.1532
6.88451	-14.2682
7.71295	-23.8626
10.0569	-25.1826
13.1454	-26.8677
12.4308	-26.1097
13.7742	-29.2111
11.1082	-29.2134
13.7102	-27.5547
16.4305	-28.2745
19.5265	-27.4946
10.9443	-23.7653
7.2857	-19.5969
3.93184	-14.9772
-1.06147	-12.1404
-5.17726	-11.4842
-8.82868	-10.9761
-11.8234	-10.3274
-13.4531	-6.64239
-11.4258	-6.58485
-9.50492	-4.22716
-7.63074	-4.35803
-2.41946	-10.1296
-1.07842	-17.3546
-0.171444	-24.0998
-1.63736	-27.6886
-5.43242	-28.706
-6.49229	-29.2254
-7.41779	-27.1162
-7.91757	-24.184
-6.16165	-25.1508
-3.66443	-26.9717
-3.28203	-25.7821
-0.3385	-24.7241
-2.95211	-22.3459
-1.41972	-15.4052
2.89592	-13.2259
7.21511	-9.9689
11.2635	-0.368991
4.62216	-2.69596
6.52514	-1.52693
-7.22035	-11.2187
-3.00406	-7.99964
-3.71605	-12.9178
1.34869	-10.4802
-4.23366	-8.25825
3.88692	-10.8835
-2.79876	-11.8924
-2.98322	-3.56686
3.90904	-7.50949
-0.210624	-8.43602
-3.1293	-13.2237
3.60294	-3.85735
0.12976	-1.54319
0.428584	-3.63371
-1.4449	-3.06944
1.40191	-3.91486
3.50239	-3.66659
7.5973	-3.50618
10.3039	-5.30142
5.59983	-8.72505
9.14205	-10.4247
7.79537	-9.69718
2.00495	-8.08156
-9.32136	-15.9459
-14.414	-19.8813
-17.0847	-21.8465
-17.6233	-16.3996
-16.978	-16.9233
-17.9824	-17.1187
-14.3357	-18.3584
-10.2882	-18.9615
2.66311	-21.9522
10.5236	-16.3968
8.70423	-18.2523
9.60618	-19.2818
6.95355	-18.85
7.27973	-20.9543
9.41236	-23.739
10.0247	-21.6002
9.5776	-18.1582
12.7322	-25.1837
5.27225	-30.4139
0.494424	-26.5202
0.782647	-25.6533
-0.876577	-18.6588
-1.1586	-23.7139
-7.7356	-23.181
-10.785	-21.8779
-12.0054	-18.1061
-11.7744	-16.8306
-10.7279	-15.2522
-12.4951	-14.6602
-10.6523	-14.6433
-7.96933	-18.46
-3.99854	-20.7944
1.22074	-16.5852
6.07422	-14.4204
6.66558	-17.6908
8.81827	-21.4085
11.1825	-18.3837
7.14985	-18.4846
3.97507	-17.682
3.83144	-20.7808
1.92572	-25.6644
1.67512	-22.4328
1.04788	-20.3402
-3.53992	-19.0941
-6.37409	-18.2223
-9.30136	-16.3394
-9.0508	-14.9411
-5.04373	-8.82422
0.755045	-8.90752
3.94319	-10.3541
6.05983	-10.8219
6.2206	-8.54664
6.66509	-8.7029
-5.34398	-10.1291
-7.6975	-11.0568
-9.64772	-13.3693
-12.1313	-14.4513
-5.72079	-18.8481
-3.59589	-20.7727
-3.3485	-16.28
-2.36145	-20.6993
-0.299663	-22.8365
7.06094	-22.7019
13.2146	-22.0836
11.1213	-13.3255
-0.917015	-12.8943
4.14335	-10.9464
0.671271	-21.6611
-7.49082	-27.9442
1.8353	-23.1349
5.68691	-34.2119
2.33452	-32.3312
3.58131	-29.9477
4.51437	-31.1293
5.63251	-30.8757
7.01379	-27.8266
12.7666	-27.3385
8.82401	-15.2003
1.92908	-20.3446
0.834588	-13.4911
-4.19877	-16.714
1.88201	-18.2885
3.20946	-28.8661
1.82119	-28.3969
8.66181	-23.0984
8.77139	-20.1971
-1.52334	-27.5547
-4.3537	-26.3271
-4.20505	-26.8003
-2.67941	-28.1979
-3.13596	-29.9826
-1.3969	-29.6778
-0.438186	-27.6132
0.600065	-25.7125
-1.38911	-28.4953
-1.63624	-27.7488
-1.40015	-28.3733
-1.65193	-29.1812
-2.52058	-31.8138
-3.14477	-33.6831
-3.09041	-31.0364
-4.69005	-27.2673
-4.70181	-26.2717
-2.96126	-24.6004
-0.587368	-21.2459
6.08111	-16.1284
10.234	-17.6852
6.70688	-16.4218
7.71289	-16.291
7.36831	-18.7245
6.04449	-19.9046
5.57516	-22.9531
5.47689	-26.8921
3.00141	-25.2306
2.60918	-20.9161
5.39459	-15.0512
-0.641454	-16.8446
1.85272	-8.58897
3.97029	-12.691
6.7046	-10.8348
5.00306	-30.5933
3.14455	-30.1119
5.01757	-30.2736
2.75854	-28.1557
2.17412	-25.7268
0.648498	-23.5116
-1.15992	-19.2969
0.640021	-21.0166
-0.514985	-17.7246
-1.40198	-8.91889
0.440961	-11.6391
-2.95272	-9.1421
-1.66206	-14.3589
-0.128563	-23.7197
-2.774	-21.2921
-1.66627	-21.3848
-0.4377	-20.2318
-0.876111	-20.3864
0.211365	-20.339
3.3527	-20.7941
8.59987	-16.8187
16.815	-15.8903
16.7195	-20.6976
14.8341	-24.1764
11.4891	-23.6262
7.00664	-24.5263
7.20116	-21.4715
9.84476	-23.2797
6.98765	-17.3624
10.5771	-6.89877
7.4985	-4.23802
6.19734	-6.489
8.39772	-9.02764
-8.99801	-9.3437
-9.4794	-9.90401
-8.96634	-13.7601
-5.77563	-12.399
-3.92049	-11.556
0.401768	-15.0778
2.49913	-17.1771
4.21359	-17.5943
6.11775	-17.2085
11.2176	-17.2237
12.002	-25.7706
12.7153	-23.7002
8.75121	-17.2654
9.42266	-17.973
9.38979	-17.6371
8.60789	-17.7449
7.88647	-7.39845
7.75664	-5.85544
7.9325	-8.07064
2.23114	-24.6063
6.20822	-22.8514
-0.469752	-25.0486
-0.624227	-20.0249
-2.91598	-18.1999
-4.69192	-17.6101
-4.25852	-18.0824
-4.04943	-18.0715
-5.13898	-16.8899
-1.75679	-11.0598
-1.85311	-10.5807
-1.40151	-10.9419
-6.68172	-11.3566
-6.47219	-12.3948
-6.94969	-12.4377
-6.40874	-12.6005
-6.67012	-10.6694
2.50284	-14.4718
11.0246	-15.4476
10.1002	-18.0849
5.40061	-15.2326
7.3551	-13.5758
6.80112	-8.7179
9.61575	-16.2213
14.8985	-17.6658
14.5623	-16.3564
-4.99321	-17.3454
-6.42728	-14.5995
-9.01191	-12.1102
-10.1927	-11.5255
-8.2428	-5.15902
-6.06498	-11.454
-4.06152	-4.63892
-3.15542	-10.3216
5.05611	-12.969
4.02762	-23.7218
5.63616	-32.5835
7.97199	-33.1687
9.57048	-30.9918
12.2839	-25.4261
12.0735	-22.224
10.0867	-8.25488
-0.0305829	-7.35145
0.742618	-9.88688
2.56918	-3.21514
5.13425	-1.70529
-2.11209	-8.21731
-6.18891	-19.9586
2.1498	-18.9841
-3.09721	-20.6887
-4.39589	-19.5866
-3.83818	-18.0656
-3.70804	-19.0496
-3.87823	-16.699
-5.36314	-15.3112
-8.48554	-12.8769
-5.06355	-9.83046
-4.33239	-5.32672
-4.35504	-3.54589
-5.88152	-1.13696
-2.28929	-2.06964
-0.470843	-0.897137
-2.71179	-3.27993
-0.104174	-1.05821
3.14084	3.1192
2.03735	0.99069
-1.94389	-5.70474
0.0320191	-7.4953
-7.2764	-10.7308
3.14234	-4.58459
0.952665	-8.63089
3.94485	-10.271
0.876288	-4.61318
3.17593	-7.96788
1.12018	-9.65334
-1.3054	-8.38245
-0.90022	-2.72496
2.42679	-5.99484
-0.704368	-6.20645
2.44269	-5.59449
3.54068	-7.56617
-1.83432	-4.28768
-5.68416	-11.9243
-14.8239	-17.3727
-14.1892	-21.793
-16.3422	-15.2516
-12.081	-16.1574
-4.42172	-18.178
1.74679	-12.4057
5.19885	-2.97171
7.6219	-7.43858
6.54228	-7.41153
3.46663	-8.28298
-2.04439	-24.6506
-2.9326	-13.1382
-10.2651	-11.8535
-11.3378	-8.6815
-14.8393	-15.4184
-11.1922	-9.13238
-8.61189	-6.87343
-3.75071	-2.26751
-1.57827	-19.5213
-4.24716	-20.4957
-4.38945	-21.8448
-2.85876	-20.7567
-0.403078	-16.4439
0.837862	-11.9516
4.83133	-10.7346
9.69785	-13.8087
3.56074	-11.9171
-6.37108	-15.023
-4.07123	-10.1829
-6.12666	-20.7554
-7.46546	-23.2885
-6.40445	-25.6459
-4.18995	-20.5464
0.545517	-23.4382
3.7477	-27.3123
7.03987	-24.7292
4.30662	-27.2777
-1.05517	-27.838
-2.01293	-31.0077
1.44187	-31.2879
2.33994	-27.9896
0.974462	-21.567
-2.24612	-16.0612
-8.08205	-12.449
-11.1262	-12.5399
-11.9875	-15.2953
-8.26799	-12.265
3.22401	-9.29972
3.17601	-13.7518
6.94529	-7.02777
5.06368	-7.91304
1.00262	-6.60152
-1.08633	-7.99486
6.76659	-4.82696
-3.0778	-9.99873
-1.03723	-5.74596
2.38833	3.06834
5.6556	-5.04607
3.52095	-18.6229
-0.686935	-25.1649
-4.62348	-22.2652
-6.22192	-19.7195
-3.91841	-22.7216
-3.78101	-22.8158
-4.01438	-22.3093
-3.83821	-22.5701
-3.969	-21.6109
-2.42575	-19.9947
-2.8932	-19.1917
-4.37775	-19.0509
-8.97231	-15.3572
-10.33	-14.7404
-10.6282	-13.0157
-13.5875	-12.2904
-10.8231	-11.4219
-8.92585	-11.0883
-8.16493	-11.2748
-6.88116	-10.7655
-5.58348	-11.0281
-3.78011	-11.1932
4.36008	-12.5922
5.93512	-10.5497
1.24059	-9.43081
-4.66017	-12.3109
-6.79556	-11.2729
-8.99359	-12.2472
-9.32615	-12.5072
-9.24028	-13.0953
-6.88422	-12.5553
-10.9444	-6.05501
-9.54688	-3.01248
-5.39638	-1.86365
-9.62502	-6.53878
-10.1004	-6.48006
-8.62507	-7.69301
-1.17591	-6.5433
-4.53456	-5.16933
-2.5317	-0.590167
-7.47399	-1.24623
-2.16106	-10.0728
-4.30383	-12.9667
3.85556	-8.15729
-8.40295	-11.5702
-7.29814	-17.8092
-5.50184	-17.0754
-2.53983	-19.9181
1.56537	-22.2112
2.32415	-15.1126
3.94341	-12.5683
0.683913	-14.3394
-10.5409	-13.9092
-10.1208	-7.07479
2.41553	-6.65195
4.3881	-7.30895
6.31514	-3.61392
2.30121	-11.5476
-2.35797	-7.95555
-8.45653	-7.38037
-12.8568	-13.7675
-5.80443	-17.247
7.6803	-11.1216
7.15037	-18.7511
-2.83023	-13.9482
-0.702725	-19.219
-4.37798	-21.1597
-9.58469	-20.0016
-11.8175	-19.047
-12.123	-17.2636
-14.5223	-18.8379
-15.61	-20.7081
-18.2803	-15.0831
-18.0187	-15.8718
-20.2178	-16.7931
-20.7545	-14.1878
-19.1226	-8.09347
-17.0977	-7.508
-17.8316	-6.35566
-15.6237	-7.50503
-10.0731	-9.69724
-4.97546	-10.9607
1.63594	-15.3042
5.90761	-14.9399
10.4835	-10.9731
15.1452	-20.4022
11.4699	-26.2514
11.1365	-30.0556
11.484	-26.6989
8.64333	-29.2937
8.32646	-27.0281
10.1162	-27.0811
2.1056	-24.0663
-0.412784	-23.4115
-1.90221	-22.8291
-3.37295	-20.1502
-7.75894	-15.0407
-11.4011	-13.9827
-14.2232	-14.7067
-14.8075	-16.9843
-15.832	-15.2636
-16.1965	-13.3279
-13.2869	-12.9382
-12.586	-10.2591
-11.3068	-7.45719
-9.28691	-9.71169
0.348849	-1.8444
-3.90734	-11.1787
-8.73009	-23.307
-7.88666	-20.0301
-4.02779	-15.1174
-5.56934	-8.40036
-4.87074	-7.27409
-6.28112	-16.1516
-5.09257	-6.56035
-3.68971	-11.9548
-0.147512	3.7359
-4.15854	-2.80489
0.604025	-3.9768
0.52879	-7.82105
-2.0154	-9.52347
4.11228	-7.25021
-1.57097	-5.93993
3.56021	-3.03524
-1.3048	-4.91212
-0.0791356	-8.90991
-0.479794	-5.63477
0.10456	-9.99065
4.41439	-12.6685
-0.937759	-13.3269
3.57088	-13.7996
3.45069	-16.4264
0.136316	-13.8919
-0.267607	-15.6061
1.31991	-18.8133
2.45734	-26.2574
2.18519	-31.2774
-0.346654	-29.8508
3.57713	-26.103
2.42055	-17.9404
5.07161	-21.9043
3.63559	-20.9991
5.74525	-20.0382
5.22188	-21.1353
4.07071	-21.5974
5.97823	-21.9736
-3.22461	-5.92224
-4.25358	-7.11702
-7.38709	-8.60972
-5.24719	-4.27182
-1.38071	-17.2605
-8.47844	-10.2428
-6.30962	-11.8448
-5.0093	-15.5893
-5.19473	-15.4039
-3.75995	-15.1831
-2.33056	-14.8919
1.80544	-13.4134
1.41744	-12.0096
3.71365	-13.2123
6.40707	-16.4289
7.16629	-23.3202
4.23207	-26.652
3.96221	-29.5301
1.15996	-31.3384
-2.50604	-31.7344
-4.43238	-27.0624
-5.37293	-25.1779
-4.62214	-21.8007
-1.42323	-22.4479
7.58589	-14.7268
10.4718	-13.7992
8.48055	-11.5054
11.6254	-15.1741
4.03271	-10.9856
9.1061	-6.26206
5.6283	-1.75838
-4.11864	-4.08051
-18.3692	-9.75883
-2.84129	-3.88887
-4.19406	-18.6938
-4.88926	-24.7795
-6.65089	-18.8434
-7.32562	-18.3095
-8.50826	-14.5305
-9.17945	-12.873
-8.66235	-12.9766
-10.1043	-12.0973
-10.5142	-11.1197
-5.28504	-6.46251
8.44645	-24.5673
7.25512	-23.868
5.74808	-25.7917
6.99213	-21.8414
7.00034	-24.1416
4.70993	-25.536
7.13734	-24.3335
4.26151	-23.2796
-2.75846	-12.2087
-2.21083	-7.9832
-8.07256	2.71141
-4.86313	-7.73892
-5.83815	-1.85978
-4.60965	-12.6175
-1.03105	-1.08403
-6.78296	-3.8261
-8.49539	-14.5804
-8.6363	-15.4134
-9.35329	-14.514
-9.19075	-11.7864
-10.0346	-8.33028
-10.4199	-6.71893
-6.59143	-5.25647
6.83833	-5.031
5.48352	-7.82739
5.20096	-7.43855
-5.85879	-7.9775
-8.32541	-10.9406
-10.4407	-8.37059
-9.56523	-7.80729
-6.35911	-8.85814
-4.69738	-12.6741
-3.92393	-16.861
-3.40355	-21.0716
-3.16338	-25.4603
-0.624551	-19.5009
4.54289	-12.1633
5.54681	-11.3685
10.0046	-9.7392
5.77755	-2.13295
5.04633	-0.60129
-4.62681	-3.51678
-3.43538	-3.03985
-4.46774	-3.79368
-1.92371	-8.39381
-0.440081	-13.4055
1.49659	-19.4677
-2.01515	-18.7875
-2.78529	-17.6496
-4.70138	-15.9386
-7.39418	-13.3395
-9.70228	-10.0137
-8.07634	-9.65415
-5.0544	-9.66534
-1.63484	-11.629
3.83069	-11.7212
5.21859	-19.7785
5.3291	-20.4602
3.9873	-22.2937
3.52446	-19.1266
1.61531	-17.5793
0.954716	-19.2565
-0.142533	-21.7598
5.43549	-24.7469
5.42959	-24.3586
5.63637	-26.284
5.54363	-26.3831
-5.97664	-20.6929
-13.5186	-18.9643
-23.0998	-12.8156
-24.5225	-16.8735
-25.282	-15.8614
-22.1594	-13.976
-24.1205	-11.5588
-21.4132	-4.8564
-19.033	-7.42757
-16.0451	-9.47015
-13.4542	-8.72759
-9.35407	-11.3258
-5.8367	-13.7142
-2.44994	-20.7534
-1.30007	-25.5516
0.424791	-20.1032
1.59944	-9.72811
1.12025	-6.96922
6.33851	-1.46071
5.87799	-4.35689
2.3798	-8.25995
4.39605	-7.09298
4.5396	-11.3053
3.02179	-6.00783
1.66365	-4.91887
7.30853	-1.34748
15.9303	-0.184503
4.81057	-4.61256
7.28709	-1.80369
7.05885	-4.16295
2.55309	-1.76135
2.84289	-2.6886
-0.306759	-6.22717
-15.8771	-4.72321
-15.6326	4.41693
-12.4337	4.66372
-13.4894	4.02545
-12.4376	0.0793399
-12.3029	0.898743
-11.157	-0.333278
-9.69978	-4.66385
-9.8559	-8.19938
-9.50369	-11.0931
-9.45012	-14.586
-6.93681	-14.5493
0.99014	-13.9547
-3.87517	-13.15
-14.7635	-12.9708
-8.88419	-12.057
-10.2171	-11.1946
-9.38771	-9.03231
-10.9591	-9.93143
-12.8977	-7.6802
-9.79544	-8.89872
-9.01873	-8.20565
-0.270016	-4.0726
-0.836157	-0.464459
3.22611	2.1613
0.0614588	1.88075
2.67055	6.10347
-3.40838	-0.863451
-3.78873	-3.808
-7.65133	-5.70621
-7.32599	-10.3282
-11.9113	-10.3083
-12.3477	-8.33973
-11.7412	-8.43088
-10.4652	-8.27074
-4.54059	-14.1214
2.64092	-15.3536
5.02149	-19.6246
3.52021	-17.1721
3.78972	-17.5301
4.6128	-17.0375
4.30292	-16.137
5.54188	-16.056
9.10866	-17.1008
7.84983	-17.8296
9.1654	-16.9858
9.78008	-12.1633
3.87267	-15.125
4.67746	-26.3401
-2.67107	-23.4888
-5.65667	-21.9689
-9.11852	-19.6148
-14.3554	-16.1599
-21.9356	-9.11922
-19.1534	-8.91364
-19.6228	-7.20908
-19.445	-7.29338
-20.4182	-9.60151
-20.9799	-8.9748
-21.3354	-11.223
-22.8345	-12.0417
-20.6991	-11.8642
-20.2304	-12.1336
-19.3719	-12.0702
-11.0907	-8.80591
-7.95897	-7.8678
-0.924636	-13.307
3.52399	-6.34354
2.26014	-8.23307
0.877516	-11.1218
-1.36335	-13.2124
-7.3091	-7.8172
-20.0203	-4.19506
-16.7632	-0.727353
-14.9531	-1.03886
-12.7189	-2.48043
-9.46371	-8.03235
-4.14675	-16.7393
1.74123	-13.7296
-1.50709	-17.8664
-5.69972	-18.4949
-5.17034	-16.6158
-6.34111	-14.6768
-3.70617	-16.466
-1.78624	-20.6929
0.972821	-23.7452
3.92845	-25.5326
8.95695	-20.4487
7.13153	-11.903
5.8853	-13.1721
7.64467	-20.4439
1.16239	-14.9656
1.43992	-11.9893
11.0002	-15.5679
5.13576	-6.51249
1.23031	-8.86014
2.86889	-11.2983
4.73649	-8.07838
3.52962	-15.1093
-0.419233	-20.6964
1.31086	-25.3577
1.0406	-26.0992
2.68964	-27.4223
0.607285	-27.8576
0.346381	-27.9893
-0.325323	-27.8459
-0.64796	-24.7556
1.35684	-21.8731
9.57379	-19.9818
9.33547	-22.6244
9.43577	-19.0961
9.95568	-15.8346
5.87997	-17.6731
6.42084	-15.3295
4.6245	-17.7539
6.60666	-15.0599
8.74912	-10.2884
7.73904	-9.33315
4.86669	-9.81407
4.31962	-11.049
-4.53253	-11.0004
-8.97945	-14.9724
-0.624222	-25.9969
-2.57033	-25.7097
-6.37138	-22.2164
-7.12527	-18.4715
-2.38985	-22.4446
-2.02187	-20.8983
-4.37667	-20.126
-4.1755	-17.8094
-5.09459	-11.2341
11.0102	-18.2465
7.53972	-9.64477
11.2893	-13.4208
8.26342	-16.7551
11.1444	-20.2561
11.5104	-18.0747
10.6871	-14.7865
9.54731	-15.5201
7.21034	-15.5249
5.73275	-11.2311
7.39649	-9.78161
6.79429	-13.4176
4.23349	-3.78878
-12.1956	-11.3343
-7.03127	8.51638
-1.82162	-5.73143
0.0285911	-4.52484
-0.544989	-7.14648
-2.80149	-2.9423
0.774119	-8.20281
3.26516	-6.99092
-3.45699	-7.70212
-2.78832	-3.06953
6.8478	-8.31676
2.01563	-14.7285
-0.796745	-20.8829
-1.13781	-26.2079
-1.85737	-26.7111
-3.72685	-27.5259
-3.39459	-27.3306
-3.52192	-27.9261
-4.56266	-29.1102
-2.80002	-28.565
-2.25128	-27.7123
-1.75193	-27.4195
2.09723	-25.8202
0.603403	-21.0381
-1.96633	-16.0825
-0.673983	-12.5484
-1.99258	-4.75923
-5.14105	-4.70874
1.26388	-3.88161
-0.132619	-10.6702
-4.18014	-13.7934
-2.81733	-21.3827
-2.99034	-27.5919
-4.55916	-31.7462
-4.72231	-33.3583
-4.41219	-32.5528
-1.8896	-31.2041
-1.63846	-30.0633
-1.31507	-26.2958
-0.0824562	-26.5994
2.08492	-27.2262
3.24582	-29.1954
0.354589	-27.276
3.53313	-28.0046
2.88662	-29.7887
6.52181	-28.9858
3.50723	-26.6087
4.27076	-22.9299
2.31611	-15.0723
13.01	-7.23778
5.64834	-13.9792
1.52865	-24.693
-3.88092	-22.0594
-6.48511	-15.1971
-11.0151	-13.9142
-15.6396	-12.5164
-17.6822	-14.1144
-16.3828	-13.4125
-11.892	-14.0235
-8.32187	-17.1336
-0.316869	-19.3902
4.64301	-15.9596
-2.39257	-13.8751
-1.05	-9.33735
-9.20914	-15.8787
-9.43982	-19.3136
-9.87812	-18.1484
-3.97883	-15.0315
2.44054	-14.4297
4.72601	-14.9462
0.866331	-15.4183
5.34258	-12.0381
8.31248	-30.2158
5.07337	-32.5377
1.70367	-28.7646
4.06075	-25.507
4.98075	-20.5866
-1.55433	-14.2151
-2.49312	-16.4953
-7.5368	-9.98747
-9.10276	-7.77096
-10.6412	-4.15412
-11.8966	-2.85856
-13.6415	-2.03277
-14.4914	-0.620698
-15.7943	-1.01019
-15.7012	-1.10355
-13.5247	-0.929976
-9.96032	-3.68775
-3.61886	-7.10031
-0.443834	-8.25391
1.55451	-9.79585
8.8602	-13.3523
7.30759	-12.7506
7.66961	-13.6596
5.73742	-11.063
4.90155	-10.0934
1.04045	-9.78929
-6.97722	-8.52909
-6.01856	-9.50667
-6.7389	-11.1799
-6.60328	-12.1287
-4.73232	-12.3685
0.30329	-10.7388
3.95559	-10.4008
3.9354	-12.7327
2.53246	-10.7456
-1.91007	-9.27289
-1.9746	-10.5845
0.165382	-13.1264
-0.864928	-15.029
-2.21541	-17.7495
-3.37021	-17.5005
-4.32344	-18.8951
-3.62199	-20.2941
-2.1345	-16.1703
-0.58963	-14.0907
-1.30798	-3.50279
-4.88107	0.131972
-8.84766	-12.6852
-8.98403	-6.06159
-3.74903	0.646497
-1.90674	-12.2654
-3.12656	-8.36348
-3.1064	-8.72193
-0.199652	-7.00813
-1.90409	-10.7531
-8.65781	-11.3189
-8.44842	-13.6881
-7.06452	-14.995
-3.40326	-17.1257
-7.448	-18.1912
-8.21106	-16.5103
-10.5019	-13.8513
-11.5539	-10.8337
-10.021	-9.91242
-10.0623	-8.93601
-9.60211	-10.2368
-6.43531	-5.09722
-5.30132	-12.6201
-0.579931	-6.15701
-6.61872	-12.0924
-9.4522	-15.1307
-3.55694	-10.8394
-13.1932	-15.2826
-13.2306	-8.45984
-12.8382	-8.46214
-7.21084	-0.626392
-9.98393	-6.97888
-6.86049	-5.59099
-8.55912	-9.93283
-0.599576	-10.3337
-2.02144	-18.6202
-0.250568	-19.0639
-2.10847	-20.6306
-4.05613	-17.5351
-8.85176	-15.7465
-13.5576	-18.9742
-13.363	-18.7445
-15.9333	-22.2304
-20.7199	-21.6186
-21.1706	-20.4693
-24.247	-19.892
-25.3288	-18.3254
-26.1549	-18.2285
-25.9491	-15.7177
-25.7285	-13.8876
-25.5988	-10.7067
-24.9238	-11.1823
-22.6976	-10.4344
-22.7351	-12.0478
-22.2427	-12.3455
-20.8342	-9.681
-19.8901	-7.65501
-12.9616	-9.70651
-9.126	-11.4928
-8.7771	-12.6928
-2.7509	-18.6253
0.266198	-21.8887
0.041881	-24.4407
1.35441	-26.2676
0.441969	-30.0389
3.54516	-29.5694
4.03877	-31.0252
3.35233	-30.5216
4.3159	-31.7056
2.38213	-27.2819
5.06014	-22.1084
11.8514	-17.8571
8.00718	-15.1103
9.6401	-8.65837
8.85833	-10.6092
2.59256	-9.89055
-0.650933	-2.9863
-2.18968	-6.48924
3.98573	2.28108
2.41679	-1.7421
7.37615	-6.80082
1.93291	-5.26893
-2.64471	-7.60583
-0.462179	-2.86516
1.29755	-2.1513
-0.0651375	-5.20253
2.41592	-7.79108
0.534248	-6.80578
2.18727	-1.66054
-1.08714	-3.57975
-0.194607	-2.01344
0.616769	-3.97912
-3.42835	3.81341
2.27836	-5.33388
-8.00081	-0.581572
-0.322662	-1.22512
3.02651	-11.2938
1.81438	0.28477
2.05883	-0.156788
1.80899	-3.50355
2.44739	-2.77111
4.58753	-8.56701
-6.62725	-5.66905
-4.84633	-10.042
-7.28976	-7.47443
-5.33221	-7.84505
-7.26468	-9.22514
-9.9109	-11.4427
-9.28248	-13.0531
-7.62817	-13.2315
-8.00501	-11.6009
-7.55121	-11.2058
-8.33389	-14.4601
-2.22477	-8.6739
-3.12528	-4.17493
-5.17145	0.322479
-16.4305	-11.5676
-4.06597	-0.88371
-7.31531	-4.17857
3.37363	-5.57159
-0.867841	-2.39931
-0.384438	-3.75027
0.445833	-1.67709
-5.56428	-7.73246
-10.3857	-10.7401
-12.4177	-11.7827
-10.0032	-9.469
-10.7021	-15.4824
-8.96944	-15.0747
-8.38162	-17.7593
-8.64295	-18.5491
-7.93701	-20.4457
-6.32219	-21.5119
-4.81257	-23.243
-4.57299	-22.3571
-6.2398	-24.0137
-4.33166	-17.5377
3.68886	-24.2167
4.46981	-23.817
2.56328	-21.7399
4.64069	-24.1154
6.57207	-23.37
4.98019	-22.9357
3.52824	-26.1906
-4.91131	-21.4478
-7.6873	-20.0554
-9.34427	-19.1685
-8.99757	-17.8253
-10.1938	-18.7908
-7.97973	-17.614
-4.42782	-12.9131
2.82435	-2.129
3.18114	-6.35795
-3.77191	-11.4417
-3.73652	-12.9906
-1.57554	-15.5065
-2.34809	-9.17336
3.10328	-9.21898
9.62711	-5.37811
10.2727	-27.6771
7.42272	-35.9342
2.28262	-35.9829
-0.219572	-31.5891
0.607628	-30.2578
8.21831	-24.5003
2.68941	-7.51489
-3.26321	-16.2299
-3.74362	-25.3998
-7.10034	-24.6369
-9.79785	-20.8037
-9.39224	-18.4617
-9.81105	-11.9641
-9.58295	-9.66162
-9.46132	-10.5717
-9.61746	-10.4227
-6.9372	-12.7597
-6.89165	-15.6932
-6.17389	-19.7956
-3.10833	-23.086
1.90947	-14.4925
4.2933	-18.046
2.86809	-19.5174
-1.76259	-14.2214
2.25507	-17.8095
3.06311	-16.246
-1.73957	-17.5382
-4.75044	-21.4951
-3.99253	-24.8889
-5.79414	-25.0305
-5.06924	-23.35
-5.43473	-21.0784
-7.14676	-21.1051
-8.13968	-18.6676
-7.14619	-15.7767
-6.00148	-14.5362
-7.03576	-9.20369
-5.47164	-13.7142
-0.499046	1.0141
-5.29242	2.30339
-18.2998	-13.9413
-8.14025	1.81651
-6.69934	-7.0355
-14.249	-8.4658
-8.22996	-0.66365
-5.86134	-4.4289
1.95952	-2.72831
-1.79131	-7.66646
-3.32003	-7.9374
-11.48	-17.7276
-7.84175	-11.7626
-3.62326	-7.32386
-10.0103	-11.7569
-10.7065	-12.9024
-11.215	-11.7872
-11.4662	-10.6119
-11.7094	-8.28419
-6.58356	-3.48518
4.69966	-13.516
4.21634	-6.1588
4.21632	-0.484674
7.84579	1.05431
-0.590505	-5.37768
-1.50423	-2.80526
-15.641	-13.2589
-18.9633	-11.7329
-16.5019	-11.8908
-17.1961	-11.4911
-13.6421	-13.4944
-6.79039	-14.9654
-4.51442	-14.4161
-2.44853	-13.9437
1.77057	-14.2158
1.75213	-10.7786
5.63906	-11.5063
8.45593	-12.4189
12.1636	-12.2618
5.19158	-13.3832
1.14268	-13.1874
1.31641	-16.1246
1.10955	-18.3544
-0.927129	-20.9882
-1.56139	-21.7073
-1.22177	-20.5401
-1.16631	-18.5101
10.396	-20.3964
11.1796	-18.9572
8.45483	-23.3729
11.0039	-17.9895
2.12253	-18.5978
-3.92182	-12.4249
-5.95836	-10.7247
-8.21217	-8.96798
-12.3807	-9.73307
-11.8887	-12.1972
-16.0576	-11.5838
-15.0786	-13.9928
-14.159	-11.8331
-12.1427	-15.8019
-14.0616	-11.6455
-11.8125	-12.2983
-9.41415	-18.2429
-5.50951	-19.176
-6.92605	-18.6907
-9.88297	-18.8208
-10.8696	-20.3741
-9.97994	-21.4694
-8.90091	-23.5142
-9.4597	-22.9979
-9.24517	-24.2998
-7.12449	-26.9831
-3.38209	-29.594
0.103559	-28.0299
5.6633	-21.295
0.154937	-13.0048
-9.31837	-18.7427
-10.3903	-16.0059
-5.65512	-15.6955
-8.85047	-18.1111
-5.62703	-16.807
-5.67457	-9.56206
-2.45191	-15.828
1.9769	-13.0386
0.927817	-15.2553
-3.14907	-13.7563
-1.58458	-8.50527
-2.84734	-9.56339
-3.76887	-10.8765
-1.32262	-6.64809
-0.912822	-11.0447
1.51957	-0.0838819
-6.11775	-8.34168
-0.664313	-5.04734
1.52384	1.24482
-0.118158	-4.45685
0.49823	-2.85586
0.487081	-0.0724355
3.36457	-6.41519
0.539017	-4.8036
-2.97302	-11.4118
-10.4541	-15.5214
-8.69315	-10.8227
-9.92651	-9.54673
-9.67631	-9.52691
-9.98595	-9.79023
-11.1581	-9.17178
-11.5262	-10.1162
-13.1009	-7.98004
-4.9627	-15.2418
2.09974	-14.6237
2.52039	-15.6798
-9.93098	-11.7656
-10.1879	-10.3837
-8.97056	-10.8277
-8.05973	-11.7652
-8.41537	-13.3565
-7.86978	-14.7638
-8.10128	-17.723
-6.1923	-18.0358
-2.26125	-20.2705
2.72588	-19.5079
5.82969	-19.4759
8.55527	-25.534
9.14569	-32.6187
4.69387	-31.0661
1.94644	-32.3879
0.126358	-27.0155
-2.70471	-30.3262
-2.81678	-31.8382
-4.45533	-33.0345
-6.23278	-34.532
-7.4762	-36.5643
-5.90937	-29.5342
-6.64511	-27.9911
-7.34106	-23.0088
-7.27705	-19.9284
-8.14881	-21.5156
-8.75488	-23.2984
-7.87506	-21.867
-12.3743	-20.2235
-12.782	-13.4229
0.859822	-14.8968
-4.31697	-18.6504
-2.57231	-18.8639
-5.221	-20.1255
-2.61649	-21.0864
-3.7561	-13.4461
2.90517	-12.3567
1.21911	-2.36837
-3.0186	-1.39178
-4.99567	-16.6083
-3.6462	-11.3138
3.42577	-10.2304
-17.8955	-1.9579
-18.6701	1.98504
-12.6006	-5.93806
-12.9335	-15.1019
-14.3417	-13.3992
-11.0786	-14.3386
1.24855	-14.3926
6.61469	-18.8889
7.11496	-15.4801
9.51078	-15.564
8.49645	-18.75
7.80461	-18.8524
3.55722	-11.2904
7.51313	-8.51525
-6.21737	-20.2272
-9.10006	-9.63026
-10.1169	0.773734
-10.8022	-12.8928
-8.12997	-7.91997
-8.32219	-3.17106
-5.5381	-3.53137
-7.30541	-9.54804
-0.0516253	-5.17056
3.559	-14.3147
1.17597	-26.7755
3.03956	-31.4773
1.90894	-31.6586
2.11649	-30.9213
3.82478	-32.364
5.21002	-30.6848
4.02859	-34.2959
5.10817	-32.8344
4.85029	-29.8854
2.49969	-31.532
2.58831	-32.0952
2.83502	-32.0446
5.80848	-31.4533
4.83752	-24.0617
-1.22815	-11.3704
0.435962	-13.0968
3.16637	-12.4816
10.1606	-9.19707
11.4651	-9.51603
8.7526	-12.2512
1.92709	-4.74664
1.89611	-3.60144
-6.15489	-13.7337
-14.6902	-10.925
-14.5361	-8.24214
-9.02804	-11.9174
-1.53098	-12.3921
-0.40881	-6.56264
5.5417	-0.511814
7.02114	1.26238
-2.15508	-3.03773
-5.78208	-7.14018
-6.42552	-7.16369
-8.08254	-2.94391
-13.4633	-12.1987
-8.0413	-15.9575
-4.83732	-5.38236
-0.0791499	-13.1482
4.3734	-15.0699
3.28609	-24.9755
3.80668	-27.7811
6.0834	-31.066
4.67967	-27.4788
6.50583	-22.5738
5.00493	-12.696
3.26894	-4.70934
14.0264	-2.54643
1.78826	-12.5926
-3.88641	-15.5672
1.9853	-8.60756
0.884331	-11.3975
5.29489	-16.4364
8.7705	-10.2457
7.43511	-11.7133
4.55499	-13.6856
1.8155	-18.6746
0.212555	-20.4996
-3.67727	-20.0094
-1.27877	-24.3479
-6.67886	-15.6625
-7.36974	-9.00314
-7.0198	-3.22815
-3.75409	-2.27387
-3.8852	-3.26452
-4.59891	1.49829
-3.0547	-0.373061
-6.25417	-0.624269
-3.39848	-3.15009
-0.324373	-0.906799
4.38379	-0.749674
1.16405	-2.91796
2.918	0.799909
-1.69751	3.09561
3.32377	-2.35551
4.16572	-5.45527
2.2613	1.08286
0.00457691	-2.80245
-7.66973	-13.2595
-14.8196	-19.5597
-19.1064	-21.6597
-18.5697	-20.388
-19.1051	-22.1172
-12.7695	-23.5177
-12.3933	-24.0469
-5.46825	-24.2135
1.51392	-21.0913
3.29796	-19.8921
3.30587	-18.0328
4.93125	-19.2146
3.45699	-20.7098
3.97025	-18.5115
7.43864	-18.2851
3.63706	-16.321
4.0984	-10.6666
9.92717	-5.32073
4.89367	-0.0495257
0.4275	-6.14417
7.10791	-2.43137
0.0485539	-4.20398
-2.35456	-11.9456
-6.16826	-8.88416
-15.7033	-11.3328
-17.5656	-10.6631
-15.4276	-10.9816
-14.2482	-10.0533
-14.3655	-9.21154
-12.5483	-9.64547
-12.7822	-12.2051
-10.9966	-16.626
-9.17753	-18.8238
-4.724	-19.3205
0.109014	-14.9424
-0.503852	-27.3718
0.172567	-30.3425
6.29114	-29.19
5.13274	-17.6731
-1.32471	-11.8009
-0.240156	-15.1996
1.44825	-14.0671
1.19691	-17.686
7.09622	-23.8893
4.10443	-25.7601
5.86914	-25.2032
7.07953	-22.9628
6.49277	-20.9958
4.12759	-19.2734
6.08504	-17.2105
7.51745	-15.3739
-11.4966	-7.96445
-10.9674	-8.00998
-7.47402	-9.14048
-5.91102	-11.3536
-6.53712	-13.0106
-4.64379	-18.3883
-2.11574	-23.8831
4.63068	-24.6064
8.23089	-21.1143
4.23248	-27.4638
0.81868	-32.1132
-1.04249	-30.8103
-3.39745	-29.9906
-2.40263	-28.9474
-2.55041	-31.699
-2.35125	-30.5304
-3.91877	-35.5223
-3.2386	-35.0817
-3.12302	-35.309
-3.83208	-35.3414
-3.09857	-35.2099
-3.10876	-34.3063
-4.99573	-28.6677
-5.01406	-21.974
-10.0225	-15.3015
-9.84388	-16.2861
-10.3468	-16.7776
-8.14596	-18.8181
-6.76908	-20.6957
-3.01546	-21.3728
1.69704	-22.2342
-2.3811	-15.5508
1.30843	-13.9487
-9.95103	-14.525
-7.82147	-13.7407
-3.01945	-14.7392
1.02469	-14.5833
-6.22647	-17.8468
-8.01325	-7.92841
-7.50619	-16.4953
-7.10141	-13.7068
-1.00998	-3.15957
-15.2015	-17.138
-19.6759	-14.661
-14.8353	-13.184
-10.7388	-13.626
-1.21212	-13.5457
8.62409	-12.9701
6.00325	-15.7172
8.39681	-18.403
12.9031	-23.6826
9.20445	-20.4184
8.77571	-21.9162
7.25337	-16.3093
12.4319	-14.7357
-3.34849	-18.7942
-4.95122	-9.22563
-0.172684	-3.26687
-7.01232	0.070604
-7.85761	-6.80811
-13.9547	-8.78059
-13.7916	-9.29859
-16.1783	-9.14826
-16.6689	-9.93434
-17.0507	-10.0175
-19.9832	-9.58619
-18.996	-6.84813
-16.9428	-10.5956
-12.9148	-16.0286
-10.6543	-16.2865
-4.71911	-18.038
-0.387708	-16.7396
1.30958	-10.475
8.00858	-7.46283
8.53519	-9.27898
6.91294	-9.62765
4.22957	-10.3153
3.73408	-6.28485
2.08705	-7.33872
-15.0438	-1.32768
-17.8658	2.33638
-17.6068	3.03824
-16.1531	2.39259
-15.5836	0.99679
-16.2136	1.95933
-13.479	0.107847
-12.5512	-0.708309
-10.6429	-3.42821
-12.0608	-3.75862
-11.0401	-4.60226
-6.55806	-12.8221
-3.96716	-17.8343
-4.47536	-4.15219
-2.17584	-7.31278
-4.43991	-19.825
-2.69724	-18.9118
-1.86994	-16.9473
-0.677042	-20.8176
0.884111	-20.8009
3.41717	-12.9892
-4.87896	-14.7482
-1.06357	-8.77452
1.67008	-1.35281
2.03496	-0.828646
1.59408	1.36995
-0.87686	-7.83021
3.1311	-8.51543
5.906	-10.3394
-2.36299	-6.96102
2.5161	-3.57355
0.101016	-2.65495
6.62594	-2.60764
-4.68533	-15.0682
1.25796	-24.4504
-1.97239	-28.9672
-1.44427	-27.6446
-1.18085	-30.0942
-2.35414	-31.4784
-2.84218	-32.3605
-4.0148	-32.1695
-4.83341	-30.9913
-5.44634	-30.9489
-7.12158	-30.2614
-6.34099	-30.0603
-6.57408	-30.4093
-3.22006	-30.7737
0.11923	-24.871
-3.95597	-17.9193
-3.01062	-16.0385
-5.19825	-6.93236
-6.15666	-3.33645
-2.68775	-1.06016
-0.446214	-7.32612
-3.26785	-13.225
-1.93881	-27.8305
-3.96673	-28.8965
-3.58476	-33.461
-3.97844	-33.3139
-6.26096	-34.6342
-4.56445	-36.5918
-4.65703	-33.6548
-3.15128	-32.7225
-0.316133	-26.9293
3.94991	-29.8554
5.31281	-28.8557
5.8494	-31.4533
5.48551	-29.9439
2.19921	-29.1821
5.7935	-30.9058
3.79239	-28.1296
2.02807	-25.4331
3.60408	-20.2942
0.936359	-13.5479
13.1424	-8.61697
8.0576	-5.1959
3.76745	-5.17073
6.7774	-3.9569
-0.148541	-14.2664
-6.51192	-14.4155
-10.4574	-11.7115
-12.8787	-11.0091
-14.76	-10.6512
-18.4506	-10.2427
-19.9612	-10.827
-22.4099	-11.4213
-21.101	-15.0711
-18.1997	-18.9778
-17.181	-12.2089
-10.5933	-13.0821
-2.52606	-6.24892
-1.74565	-1.99178
-4.67197	-9.2742
-8.46839	-7.17218
-8.75208	-8.58201
-4.14298	-16.0588
-5.08007	-8.69029
-0.794678	-7.41911
-11.583	-7.84617
-3.48725	-0.78032
-11.217	-11.3537
-14.5046	-11.1577
-16.6345	-10.5646
-17.4087	-8.45589
-17.5051	-6.56615
-16.491	-5.19589
-15.9134	-2.8071
-16.5021	-1.78101
-17.6183	-1.79058
-19.1472	2.08625
-18.5138	-2.76269
-4.96934	-7.96945
1.603	-7.1778
3.21404	-8.99614
1.73699	-7.48145
1.5094	-10.455
-5.37254	-8.475
-17.7235	-6.04613
-21.4736	-2.96328
-19.089	-3.8349
-18.8276	-3.45587
-18.1447	-5.74827
-12.0036	-14.1796
-10.9667	-17.8403
-7.95123	-19.4458
-5.13001	-19.7439
-0.204238	-18.7509
1.20204	-17.1405
0.218154	-15.2909
-12.0776	-13.9598
-8.86356	-13.0294
-14.9308	-13.399
-15.9762	-14.8948
-18.3946	-15.7266
-22.6221	-16.098
-21.0123	-14.7229
-18.1595	-14.7803
-18.9839	-12.9642
-16.4159	-8.05854
-14.6543	-1.95351
-1.77582	-4.74951
-4.96237	-7.35115
-3.42229	-11.094
-10.2079	-2.43637
-14.2473	-8.68077
-14.8059	-7.98159
-14.4221	-6.00992
-11.1941	-7.06243
-10.9761	-5.72673
-7.81189	-5.12557
4.96463	-10.55
4.61397	-9.0416
6.6566	-9.92316
7.71088	-8.28373
6.16464	-7.8463
7.93873	-8.05528
8.50123	-9.19738
8.8592	-11.9958
7.14087	-7.82509
6.04881	-7.50569
4.02202	-12.554
-2.89978	-17.4804
-6.87171	-18.2805
-9.59457	-17.1239
-11.7795	-13.8303
-14.3599	-5.39168
-13.8051	-4.77399
-13.3112	-3.42401
-13.6274	-2.50266
-13.0287	-3.28313
-12.1552	-4.1047
-12.1838	-5.20003
-10.5289	-8.214
-6.61362	-10.5494
-1.40152	-13.9102
0.752571	-13.7012
-1.23175	-9.66832
-0.471382	-10.4666
0.640115	-10.8984
2.60757	-7.22722
4.57044	-8.45818
2.06662	-7.86011
6.5645	-4.67527
9.10869	-2.1011
14.1744	-1.53402
11.0127	-8.27433
6.46532	-3.38876
6.1078	-7.21004
4.08271	-7.08636
5.63938	2.30771
9.44033	-0.857285
6.41909	1.60373
2.55584	-3.27889
3.76376	-2.95825
4.25133	-6.43922
8.20264	2.4862
6.73319	-2.97258
2.25423	-8.88443
5.264	-3.19675
4.16371	-4.37508
-0.782218	-7.67029
1.58454	-3.30713
2.06287	-7.89065
0.531026	-2.714
-0.543635	-4.64535
-1.52598	-5.59731
0.563643	-3.80369
-1.78165	-1.89538
6.64534	-7.02616
-5.4763	-19.1556
-11.6271	-24.1215
-17.8552	-23.1414
-12.876	-24.7072
-14.6889	-20.5705
-14.709	-18.242
-11.427	-15.6443
-4.01099	-15.1574
3.3133	-9.85518
11.5196	-15.8433
8.81488	-16.538
9.16713	-16.3514
-2.03682	-9.83351
-3.83333	-9.31629
-5.73857	-9.26828
-6.39519	-9.55807
-7.52677	-11.1363
-9.52954	-10.2749
-9.09664	-8.63695
-8.72721	-8.20194
-7.65843	-8.94464
-4.38126	-7.84852
-9.65683	-3.07475
0.619569	-4.67525
-2.13474	-4.97615
-1.76212	-7.20264
0.236507	-3.02102
0.833233	-3.95929
-1.84482	-4.41495
-5.72675	-11.7519
-7.43554	-13.1321
-10.644	-12.1002
-11.0602	-12.4504
-10.7945	-11.9175
-10.69	-11.4672
-10.2782	-11.4775
-12.7503	-7.74387
-14.016	-6.99058
-13.0269	-6.95865
-13.2775	-6.84304
-13.7278	-7.48202
-13.7333	-8.38546
-13.4437	-10.4853
-12.497	-10.3954
-13.2333	-10.9247
-13.5303	-10.9563
-14.2678	-12.9969
-15.0671	-15.0348
-15.7277	-15.6449
-14.4782	-15.1217
-11.5633	-17.2203
-9.946	-19.4299
-7.88233	-21.9239
-7.03446	-24.4945
-2.90258	-28.5096
-1.81429	-29.0284
-1.67754	-32.6299
3.36644	-33.5197
6.04031	-28.4151
2.01803	-16.5076
-2.57241	-7.10525
-8.02112	-18.6366
-9.19901	-21.1034
-10.6442	-23.0144
-14.0953	-19.0827
-17.761	-20.7859
-20.5872	-17.9721
-20.1204	-14.4795
-20.3504	-10.2052
-21.4796	-11.8572
-21.6901	-6.96493
-20.9773	-3.88979
-21.2514	-4.76692
-17.6005	-9.63726
-7.01156	-14.9033
-0.0280139	-6.33292
0.551328	-8.51923
-1.9752	-10.0807
-7.08234	-11.7875
-10.5029	-14.242
-14.1178	-17.8732
-20.0849	-16.0723
-23.4855	-12.629
-22.2953	-12.4098
-22.9535	-11.7931
-23.0016	-12.8367
-20.6349	-11.3469
-18.2156	-9.93492
-14.7282	-10.9912
-11.7926	-13.3923
-6.30273	-17.0503
-4.1476	-22.2267
3.58245	-27.8836
4.95519	-22.9866
7.8069	-28.1823
7.86458	-25.1839
8.50582	-24.4022
6.08909	-20.9275
6.2473	-24.4865
5.73692	-18.9992
9.97698	-12.134
-0.905402	-3.98602
-4.95563	-16.0864
-2.8499	-3.13522
-8.97872	-4.73387
-4.62599	-4.30312
1.08152	-12.7548
7.04461	-8.96021
1.71847	-10.4919
0.312987	-12.3764
-3.34785	-10.8499
-7.96596	-10.5973
-10.1816	-10.1205
-2.15334	-16.676
10.9813	-21.0719
11.8021	-25.5557
12.0635	-22.8985
9.97284	-19.8808
9.6381	-20.8169
9.19783	-16.0926
9.52317	-11.3481
7.60022	-27.2932
2.42712	-34.2951
0.780898	-31.5531
-0.613124	-32.1722
0.882921	-33.8549
4.40145	-31.4667
4.61361	-26.5735
5.98734	-20.9125
5.59287	-19.8275
0.244237	-21.3206
-1.936	-23.1219
-4.35517	-22.5949
-6.49104	-24.7863
-8.00513	-23.5541
-7.09289	-22.7576
-5.57027	-21.8568
-6.57467	-21.108
-4.15738	-15.6582
-1.49785	-8.85934
5.88556	-8.01873
2.40411	-7.33505
0.674322	-13.9043
1.16767	-10.9039
1.30336	-13.2405
-4.13387	-11.943
-5.56466	-7.16863
3.47152	0.330996
7.20979	-8.87236
8.81535	-19.1277
-4.80222	-15.4997
-10.2175	-5.12559
-7.09939	0.634165
-1.97202	-6.93184
2.5722	-7.10419
1.62028	-13.1749
1.65422	-7.99941
4.3136	-8.92648
-1.43762	-7.36464
-8.33387	-9.27353
-14.8048	-9.03976
-14.8494	-11.1182
-11.9697	-14.5542
-14.2744	-11.4851
-9.02258	-15.9807
-2.94078	-17.7388
2.3046	-18.5697
-3.77398	-13.1182
-3.12149	-10.112
-3.55656	-11.7565
-0.982539	-12.6035
-2.60743	-18.8956
1.28182	-22.6722
-0.509027	-23.2709
-3.82947	-25.7946
-6.67494	-27.9504
-6.38134	-27.517
-6.11154	-27.8265
-9.35024	-26.3586
-4.81617	-29.7545
-3.81506	-31.7691
-3.08288	-31.8648
-2.03506	-31.8635
1.99328	-29.9362
2.3085	-32.3205
0.417018	-25.65
0.829288	-19.1868
2.36356	-10.8489
4.14686	-15.2553
1.04297	-14.5435
-0.210797	-7.61356
0.155782	-14.2993
-4.79568	-19.7631
-6.20756	-12.7884
-5.87671	-13.0492
-7.76529	-13.4514
-9.05694	-16.1274
-12.4681	-14.0953
-12.2575	-14.3199
-11.6372	-12.212
-10.2145	-13.093
-8.14636	-13.9016
-6.24393	-15.4469
-4.24557	-14.0753
3.00818	-9.44832
5.75652	-9.7281
0.395483	-8.39311
-1.47082	-8.24555
-17.6754	-1.84605
-12.2934	1.87879
-17.3136	-7.30285
-19.3322	-15.6048
-20.3976	-13.2537
-20.8907	-11.3983
-22.2057	-10.9606
-19.3213	-11.4895
-17.4041	-10.4506
-14.7875	-13.5991
-0.645433	-21.0409
-0.586771	-23.846
1.5068	-26.474
1.32367	-23.33
0.459985	-22.555
3.17006	-21.7742
1.61388	-20.756
0.703162	-18.8924
4.20249	-3.36959
-1.5107	-15.1903
-7.77774	-3.88182
-2.06083	-6.11093
1.18747	-12.6989
-0.825911	-24.3287
-6.38011	-19.2069
-9.78049	-15.4982
-11.5859	-14.6055
-14.6624	-15.1101
-15.3332	-15.6746
-13.0285	-13.246
-12.5344	-13.6623
-11.7759	-12.1855
-13.8899	-14.8576
-16.2329	-13.5975
-17.0635	-11.8093
-19.4949	-10.3474
-20.2142	-11.7281
-20.35	-11.0053
-20.4761	-11.4633
-19.3489	-12.8744
-18.9682	-13.402
-14.9544	-15.1898
-12.3262	-15.7687
-11.0366	-14.8565
-7.33248	-17.8773
-3.27241	-17.2224
-1.11759	-16.9986
-2.22139	-15.8784
6.57795	-11.9336
4.20966	-11.747
-3.81357	-2.99301
-7.42856	-0.995336
-13.7726	-0.38289
-9.87844	-7.95304
-10.2399	-2.6691
-13.3757	-8.70766
-9.07668	-9.84328
-6.15161	-1.68117
-12.2059	-6.59735
-8.01485	-3.32945
-16.793	-10.1073
-6.91015	-11.8232
-8.048	-9.02004
0.932549	-2.08193
-2.69301	-0.252079
-6.84165	-9.33962
-3.0175	-3.01892
2.20767	-3.66539
-3.55476	-8.6561
-2.74874	-4.11545
0.89051	-5.70901
1.0672	-1.59522
-3.29152	-1.40089
-1.97625	-1.76422
-1.40954	-7.70772
-2.44334	-2.08858
0.611168	-4.29407
-5.96117	-3.73509
0.798532	3.30451
-1.70171	-5.81886
-3.34097	-5.51594
-1.60837	-8.41361
-2.53697	-3.91535
-2.62755	-7.45323
-4.00641	-7.25998
0.759952	-3.45558
1.97929	-8.39587
0.675697	-6.89458
0.0628601	-1.10049
-1.34893	-14.9328
-8.30552	-23.7581
-10.3156	-26.4927
-4.80839	-22.0759
-9.43691	-25.9621
-14.4955	-21.7633
-11.2803	-18.2716
-12.6219	-19.1155
-13.1147	-14.2919
-13.7815	-9.77386
-11.1894	-12.5313
-13.2193	-10.6108
-14.5004	-11.0166
-13.4764	-11.1566
-7.68683	-14.0171
-6.90219	-16.6211
-6.92966	-19.1703
-6.27153	-21.3221
-4.47124	-20.3564
-5.36715	-24.1081
-7.8364	-26.8754
-10.2709	-22.329
-3.76083	-19.4
-6.38802	-18.3682
-7.21698	-11.083
-3.95141	-6.25244
-4.5981	-11.5068
-2.76256	-6.43808
0.576998	-12.2214
3.58508	-4.72429
-3.50362	-14.6301
-2.94113	-10.5855
-1.64683	-9.36382
-2.36142	-10.4212
-3.01861	-11.5849
2.53982	-0.353889
-0.556047	-5.10958
-0.153152	-5.40383
-0.832688	-10.4101
4.31301	-2.49111
2.71535	-4.07365
-0.361594	-7.09231
-6.13233	-26.9916
-7.53903	-25.4636
-8.83696	-28.3726
-7.26099	-29.6899
-4.12621	-30.4915
-5.20887	-28.1176
-3.6895	-28.9147
-2.86771	-27.362
-2.68538	-24.7725
-0.716829	-21.5274
1.72196	-17.3965
1.85207	-15.1587
-0.575156	-16.6548
-3.35827	-16.7114
-5.40889	-17.1161
-10.9604	-17.7966
-12.0747	-17.1043
-12.0826	-16.9379
-11.8911	-21.738
-6.84975	-22.7982
-3.7296	-22.2292
-5.20585	-20.0148
-6.29018	-23.4782
-3.00493	-24.9959
1.61815	-29.3691
4.39379	-28.502
7.58621	-19.2909
4.58664	-19.8399
-2.50157	-13.692
-6.48863	-16.6253
2.6777	-12.5185
2.20693	-21.0331
1.1703	-25.9529
-1.28758	-25.3783
-0.643812	-23.6906
-0.735344	-21.8069
-2.97226	-19.2563
-4.734	-17.4653
-5.37547	-18.9958
-3.08886	-23.1981
-0.892153	-26.9233
-1.56978	-29.3844
0.635842	-32.291
2.09176	-32.627
0.323888	-32.4955
3.53123	-33.1965
0.461825	-31.9455
3.8003	-34.9745
2.01418	-30.3754
-4.26453	-22.9588
0.909005	-12.5116
-5.11432	-12.3531
1.32744	-4.56869
-2.24941	-10.4054
-1.22498	-13.997
-3.24386	-8.91555
1.7569	-7.08208
-6.85184	-15.9643
-13.4002	-3.95455
-18.0054	-10.267
-7.93822	-5.40603
-16.3552	-14.6549
-9.71796	-4.76059
-13.2817	-8.36135
-11.2157	-8.97296
-11.8845	-4.20217
-8.80957	-7.87425
-9.56256	-4.38406
-14.616	-3.55368
-11.6173	-7.40805
-15.9332	-6.40286
-11.188	-0.380249
-14.8157	-4.41911
-19.9742	-7.34628
-13.345	-0.811026
-8.59483	-4.31737
-10.9225	-2.51563
-14.1472	-10.0222
-8.39743	-10.1732
-9.73752	-9.03766
-0.469902	-9.06542
-7.8049	-4.65395
-2.11381	-1.75748
1.97087	-6.68598
-4.51647	-2.65162
-2.92045	-1.79306
0.114628	-3.80334
2.42949	-0.522749
1.96543	-3.37086
1.25876	-4.76155
4.41682	0.343924
2.95325	-7.29988
-0.821145	-4.64535
1.72383	-3.35177
-0.301205	-2.64085
3.82624	-2.01781
-1.41661	-3.88717
-0.408095	-6.34864
-0.981365	-4.1129
4.31935	1.20262
-0.271759	-6.1347
4.22759	-3.39774
2.15406	6.67008
3.24763	-18.2482
-3.91237	-30.5018
-2.41525	-35.52
-2.62312	-29.4525
-3.00221	-27.498
-0.368901	-30.3344
2.11305	-32.3407
3.5601	-32.9796
2.08108	-29.0361
0.683966	-26.6706
1.03995	-21.1987
4.95926	-12.8871
-0.792563	-14.0876
1.64323	-24.6934
0.343613	-20.2712
3.81861	-15.7502
-0.742491	-13.7764
-2.51658	-17.2551
0.193332	-12.2862
0.587559	-17.1417
-2.16214	-15.7316
-3.92375	-13.9772
-7.10627	-15.4505
-12.9032	-8.61169
-11.3256	-6.12018
-12.074	-5.60211
-11.2662	-4.3549
-11.0215	-5.5989
-11.2688	-4.72572
-9.94328	-5.0164
-1.58121	-5.24104
4.41566	-17.6002
7.50088	-18.0634
5.76257	-20.3843
9.76599	-25.1674
7.8295	-29.8758
10.2922	-25.2707
9.16726	-25.7479
-3.79209	-13.2849
-9.12646	-15.6474
-11.4883	-19.1684
-11.3184	-20.5454
-11.0454	-21.1963
-10.8559	-20.3511
-7.59512	-18.373
-5.60543	-16.2679
-6.34561	-12.847
-6.70974	-6.96817
-5.17879	-8.4803
-5.67691	-6.18649
-0.280298	-6.78616
5.60893	-4.887
4.83843	-14.1784
7.64344	-15.0722
6.93506	-12.3887
5.23489	-15.6331
3.5587	-17.6109
1.07592	-20.2386
-3.3593	-18.5272
-3.80753	-17.9077
-3.34633	-16.6059
-2.14763	-17.4018
-2.79508	-15.7488
-0.297965	-8.05909
-1.27659	-5.90717
-1.42944	-7.0826
-2.62187	-6.32934
-0.656109	-9.15655
1.9723	-14.3725
7.57508	-19.6384
8.14467	-14.2472
3.63915	-17.882
0.684897	-18.1327
-2.78917	-20.7768
-4.62646	-20.7085
-5.43461	-22.1995
-6.03234	-23.5691
-5.8142	-26.8823
-5.20432	-26.3685
-3.176	-27.5965
1.3502	-27.7722
4.85414	-23.7388
1.86368	-11.7148
-3.72077	-14.1675
-8.73018	-16.9616
-10.6224	-14.8327
-9.99776	-12.0236
-5.76363	-11.6361
-9.98947	-8.25338
-11.6261	-14.213
-11.6909	-16.4523
-9.407	-17.3679
-4.45903	-21.4737
-0.280704	-26.8558
1.98531	-25.2976
8.75094	-19.4176
-1.69866	-9.05165
-2.35361	-17.1138
-3.25653	-17.1299
0.0130562	-14.3786
4.79481	-13.9905
0.835263	-21.1267
-4.07865	-17.0287
-6.13261	-13.8881
-7.9896	-8.47547
-11.8148	-8.65707
0.518844	-9.83045
6.01666	-6.69727
3.32828	-5.83913
-2.17051	-5.00103
-10.0565	-5.97786
-17.5802	-3.77303
-21.9327	1.7558
-19.3136	5.31439
-19.0456	7.23945
-18.7188	5.7272
-20.6497	7.88561
-19.7626	6.34759
-21.3963	7.20002
-21.4195	4.55905
-20.5013	4.77476
-20.86	0.935911
-20.3304	2.89306
-18.7677	1.47957
-14.4877	-2.64066
-12.8162	-1.19721
-5.56193	-0.626001
-2.53732	-5.42758
3.25166	-7.54866
0.0498961	-10.7786
-0.273969	-7.4451
-3.2395	-4.4021
-6.37616	-6.43112
-2.47632	-5.92415
-5.19307	-10.8656
-10.42	-8.07118
-6.41361	-14.2692
-7.67384	-11.8009
-9.14147	-8.09035
-10.1075	-7.21505
-10.3774	-5.76512
-9.87225	-5.34433
-11.2745	-3.15607
-8.29458	-3.10385
-7.35921	3.69511
-2.1348	6.20453
-1.34425	13.3748
6.98448	7.77559
3.49718	1.87875
-1.86819	-4.32156
-4.4447	-7.49502
0.722052	-4.5414
1.7455	-4.44943
-3.92333	-5.62709
1.5481	-10.6164
-1.95344	-7.33149
-1.29331	-4.26647
-0.789276	-5.70086
-0.717796	-12.4068
-1.6692	-4.01704
-0.360942	-5.70894
-3.57339	-4.7433
-0.962281	-6.62258
-4.90244	-10.1224
-0.0191613	-4.55862
-2.37258	-1.15044
-4.95061	0.384633
1.00213	-1.80774
-6.72393	-6.53315
0.745185	-7.41127
0.233677	1.32738
-11.0068	-5.62183
-14.4375	-4.7681
-17.2666	0.0771502
-16.6698	-1.23049
-11.9171	-7.37069
-11.8655	-9.56676
-12.5291	-9.11537
-11.7978	-7.54475
-7.62246	-11.6156
-6.60911	-13.7145
-2.89367	-15.4164
-0.311992	-15.4141
3.02877	-3.46919
-1.30494	-8.056
-2.79969	-14.0636
-3.91062	-13.621
-4.69681	-12.4087
1.37062	-6.61559
-2.88567	-14.7076
-3.65181	-12.0188
0.165335	-5.40955
-6.53875	-18.1867
-3.13265	-20.5388
5.47755	-19.5202
10.1017	-13.9797
11.4554	-21.7836
3.15178	-26.7789
-4.01478	-29.0687
-4.48644	-28.2573
-4.06219	-27.0162
-3.86897	-28.2418
-5.46132	-30.2289
-3.95888	-31.2495
-0.43009	-28.5763
0.929321	-31.1692
0.947783	-22.7174
3.99666	-21.0533
0.646538	-4.32625
-4.58818	-5.65398
-2.07329	-12.0807
-5.88851	-8.71159
-4.75467	-9.04962
-0.383519	-3.60572
-3.55466	-13.0657
-6.52637	-10.0698
-9.87547	-19.4808
-4.69098	-16.3732
-4.80848	-9.15972
10.0876	-13.1514
5.31121	-12.3385
3.79235	-8.91268
5.68097	-6.8612
10.1651	-17.2513
-9.56163	-16.9336
-12.0328	-12.0624
-13.8154	-11.4789
-13.5875	-10.7558
-15.8838	-9.94077
-18.8751	-8.41224
-16.8755	-10.5843
-9.78966	-15.4747
-5.53847	-16.2357
0.0509236	-16.3094
-1.06209	-13.3217
-2.09565	-3.24712
2.20022	-0.562561
-7.42944	-6.66142
-2.14981	-5.31271
-4.72793	-18.7595
0.917943	-8.25456
-6.88717	-10.6265
1.2591	-12.1556
-0.386727	-10.4836
-1.87575	-4.24819
-12.8226	-12.2891
-1.71235	-5.81078
-1.52539	-17.487
2.23016	-20.7774
6.66158	-16.078
7.82976	-13.0711
0.161497	-23.8343
-4.31947	-22.6127
-3.15524	-24.4572
-3.94445	-22.5531
-3.43087	-23.6236
-4.48586	-23.6398
-4.18789	-23.0058
-3.24896	-19.6659
-3.72924	-16.5931
-4.39016	-12.205
-7.60911	-12.1883
-8.88952	-11.8952
-10.7832	-14.379
-13.776	-13.9838
-13.9639	-16.077
-12.3009	-15.9914
-11.8058	-15.0879
-11.3087	-16.786
-10.9549	-15.4518
-10.3725	-16.266
-11.8933	-13.601
-10.026	-10.0945
-9.39098	-11.0071
-4.9602	-9.00931
-4.01864	-9.94326
-3.81748	-15.4218
-6.89136	-14.3038
-10.7182	-15.9451
-14.0441	-12.2322
-15.0155	-7.81917
-17.1744	-5.84477
-18.0347	-5.38571
-18.0616	-5.18117
-17.8228	-8.77723
-16.4538	-11.8395
-12.4062	-13.406
-9.52241	-14.4186
-5.48327	-18.4021
0.807752	-20.2418
3.46713	-9.00664
0.53238	-3.66524
5.07493	-5.7757
-0.590398	-6.61547
-1.24386	-8.14948
-0.472751	-10.4926
-0.514678	-11.0888
-0.174344	-13.7974
0.0807089	-18.241
-1.6875	-20.5718
-0.543552	-22.5925
-2.80103	-22.0515
-5.12338	-23.3051
-5.45975	-22.5668
-2.95155	-22.5603
1.89226	-21.7342
-0.642551	-16.6139
-1.87523	-5.33023
-2.60652	-9.5826
-3.86625	-15.4625
-11.8806	-16.3128
-6.44174	-9.03784
-4.76974	-10.6592
-4.25428	-11.9003
-4.26819	-9.73438
-15.4529	-4.22268
-17.684	-5.62982
-10.5988	-11.0976
-14.2765	-11.5964
-14.1235	-13.8505
-2.367	-11.3745
1.55802	-11.6633
0.634987	-12.6888
-3.51741	-1.44145
-2.69046	-2.04847
-3.27759	-3.2558
-12.0408	-11.0068
-13.8406	-15.7409
-16.0267	-16.278
-14.5273	-15.9883
-13.9692	-21.0655
-19.0661	-19.732
-20.7384	-15.3165
-16.9042	-9.55122
-14.9016	-10.0372
-16.1343	-10.3182
-16.2771	-9.79373
-13.5471	-11.2399
-9.67557	-15.1752
-8.26085	-18.9325
-4.2822	-23.1448
2.52597	-22.6639
1.80461	-17.9903
-4.24811	-21.989
-3.55345	-23.4115
-1.97564	-25.8502
-3.30139	-26.3017
-4.43129	-27.4525
-4.87978	-30.8219
-3.82915	-29.6367
-2.52134	-28.8586
-1.8819	-28.0489
0.199311	-27.9564
-0.104598	-26.9629
-0.46235	-17.2828
1.64896	-10.523
-2.58376	-10.8752
-8.42819	-17.8223
-3.83173	-15.9968
-2.70035	-15.5394
-10.5556	-18.1656
-10.6725	-13.2366
-11.7798	-20.8911
-7.65283	-16.5664
-0.296039	-23.7221
-1.43088	-16.5727
-2.82849	-9.16342
1.99478	-13.3379
-3.57929	-10.4931
-2.43721	-8.33095
4.61056	-6.9685
1.68768	-9.49406
2.71696	-10.7018
-2.50496	-9.33062
0.485808	-10.6811
-10.0261	-8.01108
-6.04918	-9.29775
-7.25766	-15.7603
-6.38842	-10.8723
-7.83346	-6.12498
-8.15732	-9.44943
-8.23925	-6.70498
-21.3235	-11.3625
-18.0823	-6.9695
-14.0658	-8.0915
-12.0251	-7.50173
-15.0273	-1.29596
-9.25556	-8.6329
-14.6178	-5.73957
-9.40569	2.01464
-5.8387	-5.07548
-6.04045	1.06545
-13.4774	-8.77933
-11.4449	-8.36237
-11.2848	-11.5094
-8.23486	-10.9344
-9.84142	-14.7948
0.390811	0.682479
-10.0849	-15.743
-12.3384	-13.1847
-12.9153	-14.7221
-15.165	-14.5736
-13.1076	-16.3
-14.0811	-16.7247
-17.3791	-16.0998
-16.5048	-15.6389
-13.2169	-19.0529
-12.4028	-17.4662
-12.8179	-18.2616
-8.71592	-13.282
-8.68988	-14.8873
-10.0766	-16.789
-5.95349	-18.0763
-4.66337	-19.4171
0.526598	-16.6697
6.22735	-12.6266
4.89648	-20.2338
-0.189294	-25.0556
-4.87857	-21.2827
-3.76394	-19.4518
-4.4692	-20.6266
-3.94249	-19.2902
-4.57109	-16.5222
-4.77475	-14.3998
-5.26985	-11.3974
-7.19529	-11.5356
-9.48043	-10.9412
-12.1056	-5.42999
-10.6014	-7.35719
-14.5917	-7.56221
-13.7794	-5.86192
-17.7401	-8.40344
-12.4899	-6.30166
-8.06059	-11.3952
-4.27144	-13.9868
-4.33673	-7.75883
-5.30651	-14.4764
-4.29273	-13.9904
-3.88859	-9.35991
0.966328	-6.97101
-1.2515	-13.5216
-1.91394	-4.88676
-8.09784	-10.815
-12.7477	-8.28278
-14.3741	-6.88988
-12.9573	-9.88965
-14.4371	-7.65683
-12.6577	-10.802
-16.6096	-9.36542
-13.2994	-7.37882
-11.8105	-6.84315
-11.4817	-7.12704
-12.0668	-4.72723
-10.8719	-2.96672
-1.29189	-5.48145
11.5227	-15.1636
10.4162	-16.5723
10.8677	-16.5997
12.4473	-17.6017
12.6715	-16.6991
9.89056	-17.9797
11.2919	-18.563
8.22207	-17.3605
2.07289	-12.2077
2.50823	-8.62373
6.48002	-2.13985
-7.23638	-15.6942
-7.813	-15.7599
-5.83903	-15.8821
-3.63139	-20.766
1.73127	-12.8034
-3.05165	-21.2426
-5.41147	-19.0486
-9.66832	-16.0598
-10.7077	-12.9333
-13.5486	-10.0249
-13.6522	-8.14345
-13.0336	-9.59627
-12.4341	-9.69704
-14.9658	-10.045
-13.9334	-9.74873
-16.5312	-9.37278
-17.9807	-8.27453
-19.1099	-6.38946
-17.2551	-9.1614
-16.3416	-10.0464
-16.7085	-10.3424
-12.7148	-13.7568
-16.4415	-11.4251
-17.6233	-10.7051
-19.6982	-11.4706
-17.5484	-9.20877
-13.6525	-10.5557
-14.2354	-5.94487
-12.0218	-5.87657
-10.488	-6.08964
-12.1802	-4.02975
-8.43487	-3.80928
-11.2513	-0.0571343
-9.86041	-1.03252
-10.7908	2.09377
-8.93191	-2.58403
-8.62296	2.26521
-8.07935	3.75358
-4.66658	0.81771
-4.82099	1.99038
-2.00011	1.76459
7.33872	-0.962321
6.42601	-2.88766
5.74928	6.17206
6.29972	0.247259
-1.48923	-1.04561
1.57321	-2.14325
-1.0613	-6.52951
0.335494	-8.00196
3.37484	-5.92547
2.49855	-2.33747
0.338109	-4.56803
3.48622	-3.84425
3.62943	-6.50471
0.370806	-5.28208
4.83262	-2.93345
0.616834	2.44413
2.24852	-0.519412
1.34835	-5.01825
2.63877	-3.90522
8.72063	-3.4404
5.27456	-18.5919
5.22111	-11.7209
4.91775	-15.79
5.88093	-20.0707
7.30663	-26.0535
7.66513	-22.084
2.8807	-22.3138
3.50246	-23.6955
2.92082	-26.8387
4.32713	-27.8403
7.82845	-24.1183
4.9989	-23.5271
-1.53911	-22.4755
-5.11821	-21.6935
-7.69912	-21.5636
-8.72472	-20.102
-9.30523	-20.5477
-8.25685	-20.03
-5.57907	-20.9445
-3.49766	-22.1432
-3.22579	-17.6647
-3.35014	-18.1652
0.115276	-6.67305
-2.82335	-7.20291
5.2147	-0.538719
8.68916	3.81985
8.47635	-6.43
3.68222	-0.0020762
12.1047	4.40769
4.62599	-0.205287
5.59015	-1.82348
-0.200192	-22.6769
4.41666	-33.7865
1.26058	-35.2618
-1.87923	-33.2639
-2.62397	-32.1886
-2.97882	-29.7091
-2.98906	-27.641
-1.07624	-23.081
-6.15697	-18.104
-2.17217	-1.30279
-6.40761	-2.04989
-10.0456	-4.35572
-5.02424	-7.22884
-4.02333	-6.28409
0.701802	-3.80928
1.00554	-0.0235766
0.424003	-10.2947
3.10196	-8.26606
-2.78948	-9.63844
3.38789	-6.7516
-3.05717	-10.7132
-9.91223	-12.5373
-11.7146	-15.1582
-9.54365	-15.2749
-5.41961	-17.0682
3.71376	-12.8677
6.58676	-11.6557
12.2127	-9.0827
0.14398	-21.0917
-5.38897	-16.4842
-7.95695	-14.2163
-8.58875	-13.3901
-7.23378	-13.5492
-5.3365	-11.8684
-3.5522	-10.7263
-6.60148	-9.22922
4.16885	-6.38919
4.7607	-9.62964
5.75177	-6.02487
6.77499	-5.25463
1.77546	-11.6047
-3.90391	-5.60319
-11.7318	-3.24316
-3.22667	-15.4974
2.93581	-30.3352
2.23679	-29.8952
3.39458	-31.3949
3.84142	-30.1758
3.32682	-25.4618
2.41899	-24.0513
2.466	-23.7511
1.30409	-24.1975
1.81068	-24.9242
1.51614	-24.4197
2.70897	-23.4785
2.68795	-21.6084
-2.95071	-16.8278
-1.19028	-16.5002
1.60938	-16.9609
3.20193	-16.1166
8.23702	-10.7798
12.7106	-8.89261
5.12861	-12.5649
1.75237	-11.2023
4.82818	-11.2998
7.85311	-13.3132
3.07004	-2.29203
-6.94831	-4.92451
-5.25716	-2.66907
-2.95014	-2.86595
-2.70274	-4.83983
-3.22885	-8.04016
-4.28344	-11.2029
-5.15349	-14.4534
-7.37224	-12.3034
-10.4252	-13.4842
-12.2695	-12.9808
-13.0436	-10.4119
-14.3828	-10.2776
-15.233	-9.77868
-16.5208	-11.5521
-15.4928	-11.5499
-17.0792	-12.1694
-17.3333	-12.0014
-13.9971	-14.8742
-10.8757	-16.4785
-7.0125	-11.4772
-5.37384	-13.359
-4.25602	-15.5703
-7.38302	-5.05722
-8.69707	-2.53046
-5.79016	-5.43531
-6.89603	-3.56391
-6.45277	-2.49772
-7.85538	-6.26521
0.148351	-7.2522
2.59683	-8.10956
5.80351	-9.37403
1.3244	-5.9123
-4.26106	-5.52111
-7.1445	-3.30047
-10.977	-3.07807
-13.8589	-2.11033
-12.7788	-5.37043
-11.9961	-8.39192
-10.2251	-8.04529
-6.14491	-4.77165
-3.87859	-8.49073
3.53353	-1.87181
-6.14136	1.88311
-8.49377	-2.20563
-11.3108	-0.701992
1.2008	3.86894
-4.83778	-6.06783
-4.83101	-0.961269
-3.61644	-4.15894
-4.36164	-7.48931
-7.6671	-7.61411
-4.0065	-4.46127
-9.83997	-8.51194
-4.79641	-2.40857
-7.91614	-5.31661
-8.54735	-12.3294
-9.53332	-14.3861
-9.67914	-14.7451
-6.25009	-11.0967
-6.24191	-10.5407
-1.79412	-7.7393
-0.469338	-0.119221
-8.09741	-9.77545
-10.1274	-7.70224
-11.2265	-8.54213
-13.2219	-5.13308
-12.8938	-12.3244
-9.63372	-12.385
-9.48006	-7.31025
-12.6222	-7.6513
-11.3574	-9.69541
-9.66107	-5.94408
-8.64955	-11.283
-8.54648	-14.6165
-8.69105	-17.6773
-8.41368	-16.68
-7.87115	-15.5754
3.34188	-17.6298
-5.72404	-16.8632
-5.69122	-16.3776
-6.03827	-15.2125
-8.11626	-12.7447
-8.25739	-10.6144
-10.8209	-11.2043
-9.7818	-11.5847
-9.9408	-14.2793
-10.9512	-15.6642
-11.8848	-17.4791
-9.12104	-18.646
-6.61417	-19.4549
-6.8825	-20.2239
-8.80924	-22.768
-8.86514	-25.0794
-9.13241	-28.8648
-7.57197	-31.3837
-6.19479	-33.5434
-4.10962	-34.9097
-3.93039	-33.898
-3.91482	-33.0413
-3.72099	-34.5716
-2.26414	-31.6533
-2.84205	-33.0617
-1.34625	-35.9197
3.64546	-30.3375
-0.721372	-25.8074
2.18647	-21.8152
5.30742	-15.9098
3.83323	-14.0571
-1.68717	-16.9246
-7.77203	-18.0138
-8.13712	-20.5153
-11.3569	-12.5564
-8.64468	-6.27005
-1.30735	-4.98553
-12.5837	-3.50356
-7.08478	-10.7177
-12.5796	-13.0089
-9.33652	-6.19394
-7.83805	-10.4641
-11.831	-5.24623
-8.3578	-10.6074
-4.8808	-8.19302
-11.9153	-8.26848
-6.79144	-9.20451
-7.7591	-6.68154
-9.06275	-7.63098
-0.125595	-11.1698
-2.25044	-7.26869
2.41519	-5.37324
5.02956	-0.986655
0.481185	-5.30788
-0.752422	-6.37625
-2.83593	-2.4331
0.646448	-7.79441
-2.94472	0.0221857
1.99762	0.403137
-3.64058	-7.63605
-12.0257	-11.5333
-10.4042	-7.99551
-4.8241	-12.1608
-11.7808	-15.3829
-10.2768	-14.7968
-9.18342	-15.594
-5.91212	-17.0926
-1.57325	-15.9359
-5.99725	-9.80056
-6.27882	-13.0525
-1.36583	2.11464
-4.39523	6.34578
-8.80735	-3.32194
-6.75626	-9.1845
0.755463	-12.5495
5.11671	-7.73289
8.80558	-16.1706
9.83091	-17.3172
9.38004	-20.0059
11.3177	-17.9243
4.20514	-15.4434
2.29472	-17.3864
1.5684	-21.2296
-2.19076	-24.5581
-3.35083	-24.4846
-4.10437	-22.7056
-3.08103	-20.8976
-6.84061	-19.7046
2.29787	-19.0335
3.59534	-21.3998
4.39262	-20.5431
1.6166	-18.5969
3.85443	-14.9663
-0.863562	-5.98433
-3.42498	-4.69973
-4.78303	-7.28202
-5.23441	-16.9221
-3.645	-23.2544
-1.69094	-25.7586
-3.74004	-28.2761
-4.01622	-27.348
-4.17998	-28.1128
-0.693663	-25.2092
-1.54667	-21.9342
-3.43834	-11.7144
1.88111	-11.0919
-3.13308	-6.9536
-4.85196	-7.42563
-7.05103	-6.20921
-5.8347	-12.0524
1.39495	-1.85766
-0.259596	-9.54269
4.2113	-9.27623
-3.88463	-19.098
5.55443	-14.1417
4.00694	-15.6311
-3.26391	-19.4113
-6.50264	-20.5578
-6.92404	-20.7536
-5.46533	-19.6284
-3.50003	-22.7907
-0.429204	-21.0714
2.21344	-19.6586
-3.55269	-19.486
-0.972069	-16.3374
0.559974	-7.19139
2.98726	-6.29553
1.11734	-7.98851
2.01562	-8.70852
-1.97417	-11.6676
-2.09094	-21.4576
-0.369172	-25.7439
-1.40656	-28.3083
-2.79448	-28.7997
-2.56821	-31.2166
-2.73296	-33.5528
0.498776	-33.7079
4.59969	-29.1088
2.03415	-22.0507
5.30731	-11.4942
5.5394	-8.21747
6.49521	-9.64417
-7.96365	-9.57895
-8.12223	-5.85037
-8.11797	-16.0941
-9.67529	-23.9528
-11.4888	-22.3393
-11.1573	-19.9159
-11.9083	-18.5618
-10.8409	-20.3942
-4.37095	-23.1908
-2.73239	-21.728
-7.22525	-14.0118
-9.39525	-10.6804
-9.53572	-9.12122
-9.90118	-8.7077
-9.35634	-8.1399
-10.2525	-9.51256
-8.79811	-6.08891
0.04752	-7.64199
3.28445	0.458407
5.82494	-2.42439
-0.944218	-4.02316
-5.53846	-5.57464
-14.5331	-9.78911
-8.26176	-11.714
-7.06662	-18.0105
-7.00643	-17.0839
-9.37983	-16.5571
-5.02123	-17.1069
0.795354	-12.1628
0.313494	-4.94003
-1.80042	-13.1853
-4.84977	-17.0955
-8.10029	-16.7709
-11.7393	-17.029
-14.1204	-15.1737
-16.0505	-9.13066
-17.0614	-7.72374
-19.8537	-7.0128
-19.4947	-7.36142
-16.9156	-5.10066
-15.3554	-4.2784
-14.5711	-3.06491
-14.2269	-5.17616
-13.1499	-7.11126
-12.8091	-8.10291
-11.8607	-10.2184
-11.0371	-10.2021
-8.13007	-8.64619
-7.97798	-10.8947
-8.50746	-8.10893
-2.67047	-16.8683
-1.88222	-11.7565
-3.34036	-12.0001
1.04793	-15.4124
-1.36313	-13.1493
-0.979095	-7.72071
1.92908	-13.1752
0.259143	-4.35997
-0.00899026	-5.39621
4.55902	-8.51903
2.13686	4.28015
-0.972554	-2.09122
1.18081	-6.77276
-2.30161	-4.59612
1.79136	-12.1537
-0.102435	-4.01182
-1.96374	-14.7611
-13.4056	-27.5557
-14.1228	-29.3071
-8.50725	-29.2107
-11.2768	-28.7211
-13.0306	-22.0574
-15.2759	-19.8287
-12.5071	-18.2694
-6.53044	-20.56
-0.538637	-17.0542
5.99078	-15.0623
6.78699	-17.6767
5.87342	-18.2184
-0.641898	-16.6266
-3.72787	-13.3043
-4.09892	-14.8187
-3.6692	-15.6453
-3.35958	-16.4892
-2.36898	-16.0329
-2.76868	-15.4155
-2.98268	-16.4009
-2.76772	-16.8518
-1.55889	-19.1222
-0.350268	-20.2127
-0.968545	-20.4048
-0.507811	-23.4113
-0.291179	-23.3222
1.16357	-24.7294
-0.514074	-19.942
-3.47222	-20.6934
-4.70266	-19.6552
-6.86263	-19.9902
-8.08018	-19.8636
-7.42012	-20.2563
-6.70533	-20.427
-6.68843	-19.375
-6.32534	-17.0355
-6.70233	-16.2072
-7.76295	-16.5283
-6.70965	-15.5659
-6.34683	-16.4775
-6.12524	-18.5978
-4.91611	-20.375
-3.99255	-21.9891
-3.35706	-23.6556
-4.17738	-25.4608
-1.79508	-24.2478
1.79203	-21.0814
2.57799	-22.8496
1.96875	-25.1379
1.66893	-23.2788
2.64049	-24.1842
-2.98012	-24.4607
-6.02444	-24.837
-8.5071	-26.9946
-9.08398	-24.9508
-8.20261	-25.0873
-8.40059	-20.4336
-8.13277	-19.7504
-8.93968	-17.3948
-9.31307	-16.3801
-11.265	-16.3045
-11.8409	-15.4984
-13.5904	-15.3791
-12.1518	-15.4409
-10.2678	-15.5617
-10.3777	-14.3236
-8.20579	-13.1143
-8.01366	-14.3384
-9.51804	-16.9437
-10.2236	-17.2575
-9.99758	-17.803
-11.4204	-18.4999
-11.6344	-18.1606
-10.834	-19.0336
-9.24474	-17.4183
-8.31293	-17.7019
-8.12399	-14.6493
-8.49883	-14.6774
-6.62544	-16.7587
-9.50468	-11.8945
-12.3964	-10.3933
-15.9834	-8.85866
-13.6262	-10.6788
-11.2302	-10.5127
-9.17972	-7.53754
-10.0406	-3.47921
-6.48523	-12.1108
-9.20526	-9.00054
-7.66653	-5.93614
-4.52241	-14.021
-2.13002	-13.427
1.1684	-11.424
-1.09939	-2.28429
-0.29331	-2.97142
-2.5039	-11.3335
-0.713926	-6.84352
-0.491802	-11.7533
2.59969	-5.66036
1.05327	-8.37454
1.8806	-1.61462
1.75195	-6.00786
-1.84607	-5.52224
1.11266	-1.53196
2.41416	-4.44501
5.58756	-3.87578
9.52981	-13.1031
6.58743	-9.38036
7.86391	-11.6036
5.2976	-6.44716
5.74571	-7.7999
7.04613	-10.0007
5.14402	-5.32867
9.51719	-5.59119
10.2066	-4.69741
5.65888	-6.25838
-8.41376	-4.68922
-7.111	-0.995421
-3.81509	-5.77184
-3.6017	-8.62995
-0.442883	-11.6305
1.52821	-11.9389
9.51199	-11.5644
12.8909	-18.9529
8.28598	-17.4013
8.13287	-18.5964
7.29283	-16.1368
7.8832	-12.8475
6.91732	-12.0099
7.96571	-11.7052
8.94768	-12.3853
2.24815	-12.1408
-4.14425	6.39514
-8.70085	-6.67642
-3.5203	-12.0082
-3.28223	-18.6463
-5.08605	-16.9715
-9.24405	-14.832
-8.44077	-15.278
-9.81428	-13.5473
-9.58348	-15.4772
-8.42627	-15.1129
-6.9579	-14.2039
-8.26401	-14.3726
-9.72932	-12.1286
-9.70816	-13.8232
-10.4532	-12.8714
-12.2435	-12.9167
-11.0298	-16.3769
-8.29232	-18.3676
-10.4434	-17.4173
-10.4455	-16.469
-14.7628	-12.778
-17.6192	-8.14507
-17.2915	-7.49004
-16.7522	-6.00913
-15.5303	-9.34635
-17.0703	-9.95185
-18.0043	-8.54142
-17.9135	-9.27009
-14.5682	-10.1826
-11.3314	-9.18515
-10.7099	-8.23954
-11.2997	-12.5791
-12.1799	-16.1075
-7.56311	-20.6485
-6.69902	-20.6858
2.1618	-8.75058
0.915675	-28.9923
-11.0971	-20.3927
-15.4638	-14.4137
-14.4703	-11.4581
-13.2621	-13.1969
-11.5887	-12.6995
-13.2353	-12.2965
-14.4006	-11.7776
-10.629	-17.7641
-12.6958	-14.7165
-7.52914	-13.046
-6.16313	-13.3139
-9.2176	-10.7898
-4.21594	-10.3693
-8.88097	-4.10064
-9.24872	0.36803
-8.18321	-1.42765
-12.1698	-4.79212
-4.14166	-4.04755
-9.16681	-11.5809
-10.9742	-11.9399
-7.23258	-10.1453
-8.7122	-8.26709
-9.44458	-7.09499
-11.0979	-1.93762
-7.9613	-0.554955
-4.10432	-0.395655
-3.8154	1.02206
-2.79283	2.30371
-0.412433	1.88367
3.46316	0.949754
7.09198	2.06039
4.04321	3.15038
5.48497	2.47246
-0.536564	-0.17408
2.80915	1.494
0.561343	-5.82361
0.36181	-0.0656326
1.40012	1.72164
1.18953	-6.15121
0.584099	-6.74072
1.32157	-5.97204
1.17136	-6.72511
0.921341	3.33329
2.52321	0.836087
2.83198	-8.93439
3.34118	0.333701
4.25135	-2.68093
4.12802	-3.77432
0.293001	-1.11135
3.4968	-4.14225
0.937292	-2.80157
1.44551	-9.81953
5.29313	-8.14128
3.0902	-1.7591
-0.208443	-7.12947
-21.0099	-14.0086
-15.4916	-15.2175
-13.3648	-13.7625
-11.9294	-5.63237
-13.7743	-5.07768
-10.2088	-5.42742
-9.6052	-7.72533
-6.8467	-11.8969
-6.52227	-6.85679
-3.64165	-9.06944
-5.67015	-9.99548
-7.92968	-5.35039
-4.88357	-10.0718
-3.83197	-13.7414
-4.41951	-13.8045
1.16355	-20.268
2.25643	-22.7168
3.48257	-20.1345
3.16784	-13.7893
10.1702	-8.32404
7.16907	-7.51619
5.80571	-7.04817
7.81087	-16.6922
7.90197	-22.7172
2.90549	-25.5102
3.16802	-33.0063
-0.649781	-34.762
-4.08216	-35.8689
-3.88038	-33.6624
-4.4684	-32.5608
-4.67834	-29.0218
0.260138	-27.5031
-2.56789	-20.0802
0.579202	-15.2641
-2.9686	-7.86958
-3.28768	-5.40043
-7.38618	-10.3795
-8.33902	-2.4854
-1.47297	-2.08148
-0.295699	-7.6391
-5.9653	-9.15146
-7.82673	-18.9962
-4.97885	-13.7733
-3.2018	-12.7141
-7.48053	-10.1423
-4.94653	-9.1494
-9.52136	-16.8225
-9.27031	-20.3342
-8.98989	-18.8949
-8.0466	-16.8288
-8.51853	-17.7783
-8.10159	-18.1463
-9.26748	-16.3639
-2.9468	-9.45596
-13.4622	-7.94796
-9.317	-16.6503
-8.28559	-16.985
-4.74694	-18.2084
-9.24563	-15.5767
-10.7363	-16.706
-11.4062	-17.0249
-11.5586	-13.5832
-10.2052	-9.80704
-9.50478	-8.82706
-7.43357	-7.99517
0.777635	-14.2306
6.93466	-20.382
5.78727	-20.1303
8.19763	-21.7871
9.24635	-21.2209
8.0453	-23.3309
8.15053	-18.5105
6.02808	-21.2465
4.76827	-22.6624
4.9643	-21.3394
3.65848	-21.2153
-0.16295	-24.3085
1.41027	-27.3095
0.901388	-30.081
2.08418	-27.2896
3.14468	-26.4246
2.67628	-28.4752
6.53746	-28.0527
3.75208	-18.4618
2.69919	0.368894
-4.60005	-2.80012
-6.34371	-4.67789
-7.17085	-3.58742
-13.3396	-16.2794
-8.12193	-4.0143
-15.9773	-12.004
-8.30402	-21.2882
-9.62248	-7.68766
-9.64452	-15.1672
-11.5865	-18.579
-6.46176	-16.0853
-5.89428	-19.4808
3.01145	-13.8465
6.30054	-21.0267
8.90789	-30.3863
14.3711	-35.4573
9.54347	-31.1673
8.62286	-31.1428
8.41157	-32.2484
5.50788	-30.7925
2.61631	-27.5143
-0.170936	-23.375
-2.05799	-20.3167
-4.6301	-19.1048
-6.53788	-19.1865
-9.14972	-17.1555
-11.1684	-14.5943
-13.1744	-15.2655
-15.5364	-12.6376
-14.9313	-12.6569
-12.5965	-12.4092
-13.4883	-14.0785
-14.1141	-11.3343
-14.259	-9.21341
-13.6007	-4.18723
-10.1067	-5.91387
-7.5478	-10.6736
-11.2581	-12.3124
-3.69297	-10.9296
1.08967	-13.6941
-3.87391	-9.92849
-5.72609	-8.53109
-5.46151	-5.86557
-3.46838	-9.11083
-1.26017	-8.4002
-1.0151	-11.8091
-2.86468	-7.40355
-2.40408	-7.39631
-0.289898	-3.53077
-2.28798	-6.15085
2.9734	-9.16887
0.32538	-2.24515
-2.8333	-1.73991
0.476499	-2.31839
0.953251	-8.15109
2.07796	-8.96696
-8.54646	-9.13489
2.54834	-5.43223
0.197523	-6.51315
-1.98786	-8.3079
2.21849	-6.29543
-0.498952	-5.57666
-4.24805	-4.49685
-4.53956	-11.2562
-2.8098	-0.649108
2.3553	-6.49521
0.0754323	-6.83892
0.111125	-3.41396
-6.07888	-14.8662
4.21845	-11.1641
-4.01853	-11.1418
-1.5559	-9.6107
3.32677	-15.324
5.88059	-26.5079
3.55718	-29.471
1.07266	-30.2548
1.26098	-30.5227
-2.04976	-28.7059
-1.74539	-27.1241
-2.07437	-24.1519
0.967685	-19.2971
6.22879	-17.3886
7.14936	-19.3243
6.90135	-18.0165
6.54959	-13.9849
-9.21157	-12.5703
-7.97628	-14.5664
-8.80751	-19.2375
-11.7687	-20.0182
-12.7172	-20.7036
-8.99527	-18.0499
-8.81734	-11.5407
-8.27989	-10.1202
-3.76926	-4.70001
-4.02605	-6.49685
-11.1827	-10.7219
-12.2308	-7.60103
-9.75741	-9.64709
-14.6903	-8.60886
-11.4173	-13.2693
-11.977	-8.79788
-13.8853	-12.673
-11.5261	-8.85024
-0.129055	-1.97546
-3.24553	-16.2684
-3.88147	-16.9859
-3.38219	-17.5505
-3.63923	-17.5302
-8.94456	-13.8201
-11.1073	-12.2024
-20.5691	-10.8583
-17.373	-12.4869
-13.9719	-17.0337
-14.4349	-16.9487
-15.1867	-12.362
-12.585	-11.2719
-11.5481	-9.90853
-8.648	-10.3518
-0.874114	-11.4546
6.86755	-14.0585
8.4602	-16.6639
8.20447	-18.7262
13.0497	-18.4048
9.23573	-16.6936
7.54641	-14.6911
-0.267664	-2.43454
-1.42869	-0.928522
-1.39086	-1.22223
1.75681	-1.40803
1.22601	-3.14152
4.38153	-9.79541
1.8261	-7.45945
-1.32597	-11.323
-4.4921	-9.72362
-6.55251	-11.6821
-5.97104	-15.3231
-6.71554	-17.0105
-9.45666	-17.0575
-15.0122	-15.4233
-18.6347	-11.7272
-16.1797	-12.1191
-14.1047	-12.2702
-14.7343	-12.7696
-12.9761	-13.5731
-12.0108	-16.3558
-11.1981	-18.4568
-7.77781	-22.5705
-1.98397	-23.29
-1.10024	-17.845
-0.221979	-15.0759
-4.69339	-17.3755
-9.62023	-15.6213
-5.59084	-11.6781
0.432993	-7.67101
2.27674	-5.4055
1.28623	-10.9547
-5.77395	-20.348
-6.51105	-15.0583
-8.08706	-12.3922
-5.4575	-9.41347
-7.48718	-13.177
-8.26713	-8.41546
-8.16036	-5.90035
-9.55456	-15.1369
-7.51602	-9.48143
-9.78981	-14.2081
-12.7651	-13.3804
-10.5497	-16.9978
-9.10634	-11.719
-5.09	-7.69659
3.5847	-9.78041
3.39403	-9.00374
9.32758	-3.46657
4.59495	-7.52875
0.148774	-13.4581
-1.72726	-9.08382
1.91983	-17.8008
9.47766	-13.7835
12.6976	-21.6361
15.898	-26.5566
7.42315	-32.5192
2.11992	-29.9952
-0.0273434	-25.9296
-1.99821	-30.2408
-2.15126	-32.1398
-3.22665	-37.8734
-4.58653	-35.6937
-4.8771	-31.7208
-6.26905	-31.2694
-7.94376	-27.5333
-8.58885	-22.031
-9.56076	-19.3407
-11.5056	-17.7933
-11.7688	-17.4021
-10.629	-16.4785
-11.9894	-17.0718
-11.9371	-19.5174
-10.8441	-22.1689
-6.80579	-24.9134
4.23955	-19.3473
3.03208	-13.2235
-0.371812	-23.7238
-1.31533	-29.9942
-4.24976	-30.5876
-2.95328	-32.9753
-3.00474	-32.1502
-3.14904	-31.3068
-0.528913	-32.6483
-3.50525	-34.3503
-3.53522	-31.7542
-3.82423	-30.7072
0.653958	-25.1451
-0.847137	-25.9077
1.9619	-19.718
2.53692	-19.1456
-0.0785295	-16.2401
1.74131	-9.58132
2.71421	-5.33383
7.13304	-9.23575
4.6369	-7.92612
5.67207	3.1558
9.87624	0.920853
6.35391	0.856173
0.0497213	-2.35421
6.03305	-2.12734
2.73847	-7.45315
-0.507187	-7.49092
-1.67629	2.3681
1.01077	-7.93553
2.04395	-6.01161
4.22514	-2.48419
3.0127	-3.31165
-8.83952	3.28658
-18.3532	-5.21518
-17.6031	-5.62961
-14.7186	-5.30055
-12.6648	-5.39653
-12.2471	-5.51481
-11.7522	-2.23695
-14.1306	-5.53191
-13.4642	-7.15165
-10.9892	-7.41741
-6.16938	-6.82551
-9.98408	-13.8697
-3.53603	-13.3657
-7.99062	-12.3509
-9.46702	-15.6407
-10.1817	-14.61
-9.64974	-12.7137
-8.69765	-13.0593
-7.62313	-12.5004
-1.01757	-16.1881
4.23681	-16.9681
1.94997	-15.047
1.83154	-11.0756
-4.09817	-8.91152
-7.56263	-7.14963
-10.7747	-8.35529
-12.1753	-10.6359
-12.332	-9.76616
-12.9586	-10.3165
-12.191	-13.3432
-8.80135	-17.6704
-9.85136	-18.2682
-10.9132	-20.6208
-11.5257	-19.1104
-12.8116	-18.2792
-17.0291	-12.1211
-20.0711	-8.3017
-19.0085	-7.31499
-17.327	-5.04078
-17.6434	-6.70852
-18.065	-7.24358
-17.8123	-9.84486
-23.3148	-11.8558
-26.6741	-16.8191
-25.8586	-19.5201
-23.936	-23.3965
-25.2041	-21.9699
-22.4557	-22.4643
-24.6886	-21.6532
-25.127	-20.6118
-25.5996	-23.9704
-27.6972	-22.7205
-24.3141	-19.1703
-24.0403	-18.7542
-23.4237	-12.1791
-22.3362	-12.525
-19.2926	-9.73487
-16.1104	-11.7571
-13.3062	-10.1617
-11.8372	-11.3273
-9.30338	-15.1932
-7.94977	-18.3612
-6.17162	-25.8958
-4.91364	-28.3789
-3.32189	-32.8967
-3.13471	-35.7358
-1.7289	-33.1879
-1.29291	-33.3508
-0.111614	-31.559
-3.53327	-33.1994
-1.17526	-33.0702
2.22563	-31.2969
3.69291	-29.8028
7.65423	-22.8103
-0.821921	-16.1785
-1.86833	-18.4418
-4.21674	-11.871
-3.80894	-13.5875
-5.08446	-16.7807
-3.21244	-17.3436
-1.08899	-15.7946
-3.12213	-10.7797
-2.56844	-16.3643
-2.70037	-7.55016
-1.57878	-13.0648
-1.8364	-10.438
2.62197	-8.79463
-3.49325	-14.5504
-5.78594	-12.2244
-9.84496	-13.3367
-3.03062	-7.29407
-11.2727	-12.9666
-14.0111	-14.0346
-8.13082	-10.66
-3.74506	-10.7589
-9.20955	-14.1552
-9.12764	-14.0569
-5.50527	-13.7906
-2.17158	-10.0835
-10.5257	-13.4102
-0.477935	-12.186
-0.958937	-14.8519
0.296555	-7.59998
1.20536	-7.72243
-2.06221	-8.34973
1.42399	-8.05507
-0.726921	-9.12588
0.0664509	-10.2286
2.71054	-7.66635
4.32541	-3.9661
-0.376743	-3.4679
5.82547	-4.62607
3.83399	-4.43399
-1.55024	-7.69419
-0.906465	-1.48
-1.62264	-9.24989
-1.78091	-5.56256
0.611069	-8.81358
-2.54865	-9.03576
-0.678857	-2.77601
-0.654528	-9.05778
1.16493	-3.60079
0.39903	-4.45388
0.000298665	-7.17436
-3.43934	-5.43663
1.08451	-4.90304
-1.14028	-5.09072
2.87766	-11.2531
0.96954	-2.64274
-1.38595	-5.73647
2.73675	3.17482
0.092449	-12.8204
-0.477564	-3.49671
3.44623	-0.274434
4.47765	-0.325393
1.22523	-8.60567
0.529868	-11.7557
1.87874	-5.08381
-0.00226619	-4.97526
-4.08081	-6.525
-0.514798	-6.68669
0.31444	-7.48841
-6.47865	-3.05611
-9.34864	-0.465556
-14.7307	-1.0822
-16.543	2.20373
-15.806	-4.0864
-17.743	-6.04005
-16.4569	-7.48955
-17.1321	-11.326
-19.5958	-14.5447
-21.4301	-13.3606
-20.8762	-14.0763
-18.9026	-14.8698
-21.9284	-15.5915
-20.2668	-19.5647
-19.5491	-21.0318
-14.7288	-26.8842
-11.1873	-25.0544
-1.33987	-22.0239
-2.49833	-22.9887
-3.1037	-24.8254
-2.44912	-23.4757
0.359312	-27.5773
1.27143	-31.4661
1.49674	-30.6932
4.29999	-25.2741
0.996905	-21.4158
5.14671	-11.6087
-5.20638	-9.4548
-19.406	-13.1919
-12.302	-9.31381
-16.3338	-17.7037
-18.6667	-15.3096
-15.3556	-15.9797
-16.5474	-10.2466
-0.862682	-9.41877
0.986044	-1.56959
9.27386	0.0993111
3.53121	-9.01701
-7.20223	-4.54769
-5.25119	-1.39881
-6.68151	0.638887
-4.97119	-3.89909
-0.287605	-9.58178
-0.628692	-5.94184
-0.707414	-11.9135
-1.89611	-7.67722
-2.9752	-16.8406
-9.42399	-14.5534
-11.0168	-16.0123
-11.9226	-15.592
-13.4059	-13.6826
-13.1222	-15.4951
-11.3424	-14.4856
-6.03446	-10.2815
-0.119521	-7.94416
2.28453	-12.0638
-0.425218	-10.5258
0.0597674	-13.0295
-2.59931	-9.7767
-0.655368	-9.28866
4.13521	-8.3471
-1.26932	-17.4842
-9.99856	-9.16884
-14.9583	-12.9245
-17.8403	-9.21369
-18.7367	-9.80146
-19.5582	-10.9384
-18.2036	-15.6653
-17.9361	-17.0755
-12.5077	-18.1135
-9.72119	-18.126
-10.6403	-14.1465
-9.25774	-7.56319
1.21766	-6.31588
-1.85198	-5.68548
-5.9237	-12.3874
-6.32567	-9.83675
-4.13158	-5.53699
-4.72701	1.58103
-5.33083	-7.79097
-0.300724	-16.8146
-5.25207	-16.0064
-5.02983	-12.2746
-7.05645	-8.30942
-8.52992	-7.29017
-7.27112	-6.01425
-0.864045	-8.74059
7.55697	-8.22587
9.26039	-10.158
8.03927	-11.3783
9.27253	-18.6941
9.56247	-25.2636
8.11794	-29.7904
1.5953	-29.8107
-0.504729	-30.3398
-0.336245	-28.6235
-0.163179	-28.7446
-1.55022	-25.8266
-2.63109	-28.3831
-4.65098	-25.0778
-6.79504	-29.3975
-5.14603	-23.8687
-0.347314	-25.7421
1.93194	-25.7083
2.819	-23.6843
7.83052	-20.1378
7.61117	-6.57613
7.66214	-6.20239
8.06322	-1.92743
10.8733	-1.04537
14.1931	-1.062
-1.17725	-5.4106
5.22902	-3.86111
-4.46427	-14.4975
-0.58578	-8.16998
2.68463	-12.7363
-0.56943	-3.90631
1.42957	-3.68781
